0.026,0,1.8825,0
0.076,0,1.8825,0
0.126,0,1.8825,0
0.176,0,1.8825,0
0.226,0,1.8825,0
0.276,0,1.8825,0
0.327,0,1.8825,0
0.377,0,1.8825,0
0.427,0,1.8825,0
0.477,0,1.8825,0
0.527,0,1.8825,0
0.577,0,1.8825,0
0.627,0,1.8825,0
0.677,0,1.8825,0
0.727,0,1.8825,0
0.777,0,1.8825,0
0.827,0,1.8825,0
0.877,0,1.8825,0
0.927,0,1.8825,0
0.978,0,1.8825,0
1.028,0,1.8825,0
1.078,0,1.8825,0
1.128,0,1.8825,0
1.178,0,1.8825,0
1.228,0,1.8825,0
1.278,0,1.8825,0
1.328,0,1.8825,0
1.378,0,1.8825,0
1.428,0,1.8825,0
1.478,0,1.8825,0
1.528,0,1.8825,0
1.578,0,1.8825,0
1.628,0,1.8825,0
1.678,0,1.8825,0
1.733,0,1.8825,0
1.778,0,1.8825,0
1.828,0,1.8825,0
1.879,0,1.8825,0
1.93,0,1.8825,0
1.98,0,1.8825,0
2.031,0,1.8825,0
2.082,0,1.8825,0
2.132,0,1.8825,0
2.183,0,1.8825,0
2.234,0,1.8704,0
2.284,0,1.8704,0
2.335,0,1.8704,0
2.385,0,1.8704,0
2.435,0,1.8704,0
2.487,0,1.8704,0
2.537,0,1.8704,0
2.587,0,1.8704,0
2.637,0,1.8704,0
2.687,0,1.8704,0
2.737,0,1.8704,0
2.787,0,1.8704,0
2.837,0,1.8704,0
2.889,0,1.8704,0
2.94,0,1.8704,0
2.989,0,1.8704,0
3.039,0,1.8704,0
3.089,0,1.8704,0
3.139,0,1.8704,0
3.191,0,1.8704,0
3.242,0,1.8704,0
3.293,0,1.8704,0
3.344,0,1.8704,0
3.394,0,1.8704,0
3.445,0,1.8704,0
3.495,0,1.8704,0
3.545,0,1.8704,0
3.595,0,1.8704,0
3.645,0,1.8704,0
3.695,0,1.8886,0
3.745,0,1.8886,0
3.795,0,1.8886,0
3.845,0,1.8886,0
3.897,0,1.8886,0
3.947,0,1.8886,0
3.997,0,1.8886,0
4.047,0,1.8886,0
4.097,0,1.8886,0
4.147,0,1.8886,0
4.198,0,1.8886,0
4.249,0,1.8886,0
4.299,0,1.8886,0
4.349,0,1.8886,0
4.4,0,1.8886,0
4.45,0,1.8886,0
4.5,0,1.8886,0
4.551,0,1.8886,0
4.602,0,1.8886,0
4.653,0,1.8886,0
4.703,0,1.8886,0
4.753,0,1.8886,0
4.804,0,1.8886,0
4.856,0,1.8886,0
4.906,0,1.8886,0
4.957,0,1.8886,0
5.007,0,1.8886,0
5.056,0,1.8886,0
5.107,0,1.8886,0
5.158,0,1.8886,0
5.208,0,1.8886,0
5.259,0,1.8886,0
5.309,0,1.8886,0
5.359,0,1.8886,0
5.409,0,1.8825,0
5.46,0,1.8825,0
5.51,0,1.8825,0
5.561,0,1.8825,0
5.611,0,1.8825,0
5.661,0,1.8825,0
5.711,0,1.8825,0
5.761,0,1.8825,0
5.812,0,1.8825,0
5.863,0,1.8825,0
5.913,0,1.8825,0
5.963,0,1.8825,0
6.014,0,1.8825,0
6.064,0,1.8825,0
6.124,0,1.8825,0
6.174,0,1.8825,0
6.224,0,1.8825,0
6.274,0,1.8825,0
6.324,0,1.8825,0
6.374,0,1.8825,0
6.425,0,1.8825,0
6.476,0,1.8825,0
6.526,0,1.8825,0
6.576,0,1.8825,0
6.626,0,1.8825,0
6.676,0,1.8825,0
6.726,0,1.8825,0
6.777,0,1.8977,0
6.826,0,1.8977,0
6.877,0,1.8977,0
6.928,0,1.8977,0
6.978,0,1.8977,0
7.028,0,1.8977,0
7.079,0,1.8977,0
7.129,0,1.8977,0
7.179,0,1.8977,0
7.23,0,1.8977,0
7.28,0,1.8977,0
7.331,0,1.8977,0
7.381,0,1.8977,0
7.432,0,1.8977,0
7.482,0,1.8977,0
7.532,0,1.8977,0
7.582,0,1.8977,0
7.632,0,1.8977,0
7.683,0,1.8977,0
7.733,0,1.8977,0
7.784,0,1.8977,0
7.834,0,1.8977,0
7.885,0,1.8977,0
7.936,0,1.8977,0
7.986,0,1.8977,0
8.037,0,1.8977,0
8.087,0,1.8977,0
8.137,0,1.8977,0
8.187,0,1.8523,0
8.237,0,1.8523,0
8.288,0,1.8523,0
8.339,0,1.8523,0
8.388,0,1.8523,0
8.438,0,1.8523,0
8.488,0,1.8523,0
8.539,0,1.8523,0
8.588,0,1.8523,0
8.639,0,1.8523,0
8.689,0,1.8523,0
8.74,0,1.8523,0
8.791,0,1.8523,0
8.842,0,1.8523,0
8.892,0,1.8523,0
8.943,0,1.8523,0
8.995,0,1.8523,0
9.046,0,1.8523,0
9.097,0,1.8523,0
9.148,0,1.8523,0
9.198,0,1.8523,0
9.249,0,1.8523,0
9.299,0,1.8523,0
9.35,0,1.8523,0
9.4,0,1.8523,0
9.45,0,1.8523,0
9.501,0,1.8523,0
9.551,0,1.8523,0
9.601,0,1.8523,0
9.652,0,1.8765,0
9.702,0,1.8765,0
9.752,0,1.8765,0
9.802,0,1.8765,0
9.853,0,1.8765,0
9.904,0,1.8765,0
9.954,0,1.8765,0
10.005,0,1.8765,0
10.056,0,1.8765,0
10.106,0,1.8765,0
10.156,0,1.8765,0
10.206,0,1.8765,0
10.258,0,1.8765,0
10.308,0,1.8765,0
10.359,0,1.8765,0
10.408,0,1.8765,0
10.458,0,1.8765,0
10.509,0,1.8765,0
10.56,0,1.8765,0
10.61,0,1.8765,0
10.661,0,1.8765,0
10.71,0,1.8765,0
10.761,0,1.8765,0
10.811,0,1.8765,0
10.861,0,1.8765,0
10.911,0,1.8765,0
10.961,0,1.8765,0
11.011,0,1.8765,0
11.061,0,1.8765,0
11.111,0,1.8765,0
11.162,0,1.8765,0
11.212,0,1.8765,0
11.262,0,1.8765,0
11.312,0,1.8765,0
11.362,0,1.8765,0
11.413,0,1.8765,0
11.464,0,1.8765,0
11.515,0,1.8765,0
11.565,0,1.8765,0
11.615,0,1.8856,0
11.666,0,1.8856,0
11.716,0,1.8856,0
11.767,0,1.8856,0
11.817,0,1.8856,0
11.868,0,1.8856,0
11.919,0,1.8856,0
11.969,0,1.8856,0
12.019,0,1.8856,0
12.071,0,1.8856,0
12.119,0,1.8856,0
12.169,0,1.8856,0
12.219,0,1.8856,0
12.27,0,1.8856,0
12.321,0,1.8856,0
12.372,0,1.8856,0
12.423,0,1.8856,0
12.475,0,1.8856,0
12.525,0,1.8856,0
12.575,0,1.8856,0
12.625,0,1.8856,0
12.675,0,1.8856,0
12.726,0,1.8856,0
12.777,0,1.8856,0
12.827,0,1.8856,0
12.877,0,1.8856,0
12.927,0,1.8856,0
12.979,0,1.8856,0
13.03,0,1.9164,0
13.08,0,1.9164,0
13.131,0,1.9164,0
13.181,0,1.9164,0
13.23,0,1.9164,0
13.281,0,1.9164,0
13.332,0,1.9164,0
13.382,0,1.9164,0
13.434,0,1.9164,0
13.484,0,1.9164,0
13.533,0,1.9164,0
13.584,0,1.9164,0
13.634,0,1.9164,0
13.685,0,1.9164,0
13.735,0,1.9164,0
13.786,0,1.9164,0
13.836,0,1.9164,0
13.886,0,1.9164,0
13.936,0,1.9164,0
13.987,0,1.9164,0
14.037,0,1.9164,0
14.088,0,1.9164,0
14.138,0,1.9164,0
14.189,0,1.9164,0
14.24,0,1.9164,0
14.29,0,1.9164,0
14.341,0,1.9164,0
14.391,0,1.9133,0
14.441,0,1.9133,0
14.491,0,1.9133,0
14.542,0,1.9133,0
14.593,0,1.9133,0
14.643,0,1.9133,0
14.693,0,1.9133,0
14.744,0,1.9133,0
14.794,0,1.9133,0
14.844,0,1.9133,0
14.894,0,1.9133,0
14.945,0,1.9133,0
14.996,0,1.9133,0
15.046,0,1.9133,0
15.096,0,1.9133,0
15.146,0,1.9133,0
15.197,0,1.9133,0
15.248,0,1.9133,0
15.298,0,1.9133,0
15.349,0,1.9133,0
15.399,0,1.9133,0
15.449,0,1.9133,0
15.501,0,1.9133,0
15.551,0,1.9133,0
15.601,0,1.9133,0
15.652,0,1.9133,0
15.702,0,1.9133,0
15.752,0,1.9288,0
15.803,0,1.9288,0
15.853,0,1.9288,0
15.904,0,1.9288,0
15.954,0,1.9288,0
16.005,0,1.9288,0
16.056,0,1.9288,0
16.106,0,1.9288,0
16.157,0,1.9288,0
16.207,0,1.9288,0
16.257,0,1.9288,0
16.308,0,1.9288,0
16.358,0,1.9288,0
16.408,0,1.9288,0
16.459,0,1.9288,0
16.509,0,1.9288,0
16.559,0,1.9288,0
16.61,0,1.9288,0
16.66,0,1.9288,0
16.711,0,1.9288,0
16.761,0,1.9288,0
16.811,0,1.9288,0
16.863,0,1.9288,0
16.914,0,1.9288,0
16.964,0,1.9288,0
17.014,0,1.9288,0
17.065,0,1.9288,0
17.122,0,1.9288,0
17.172,0,1.9288,0
17.222,0,1.9288,0
17.272,0,1.9164,0
17.322,0,1.9164,0
17.373,0,1.9164,0
17.423,0,1.9164,0
17.473,0,1.9164,0
17.523,0,1.9164,0
17.574,0,1.9164,0
17.625,0,1.9164,0
17.675,0,1.9164,0
17.726,0,1.9164,0
17.775,0,1.9164,0
17.825,0,1.9164,0
17.876,0,1.9164,0
17.927,0,1.9164,0
17.978,0,1.9164,0
18.028,0,1.9164,0
18.078,0,1.9164,0
18.128,0,1.9164,0
18.178,0,1.9164,0
18.228,0,1.9164,0
18.278,0,1.9164,0
18.329,0,1.9164,0
18.379,0,1.9164,0
18.43,0,1.9164,0
18.48,0,1.9164,0
18.53,0,1.9164,0
18.58,0,1.9164,0
18.63,0,1.9164,0
18.68,0,1.9164,0
18.73,0,1.938,0
18.78,0,1.938,0
18.831,0,1.938,0
18.882,0,1.938,0
18.932,0,1.938,0
18.983,0,1.938,0
19.034,0,1.938,0
19.084,0,1.938,0
19.134,0,1.938,0
19.185,0,1.938,0
19.235,0,1.938,0
19.285,0,1.938,0
19.335,0,1.938,0
19.386,0,1.938,0
19.436,0,1.938,0
19.487,0,1.938,0
19.537,0,1.938,0
19.588,0,1.938,0
19.638,0,1.938,0
19.689,0,1.938,0
19.74,0,1.938,0
19.79,0,1.938,0
19.84,0,1.938,0
19.891,0,1.938,0
19.942,0,1.938,0
19.992,0,1.938,0
20.044,0,1.9473,0
20.094,0,1.9473,0
20.145,0,1.9473,0
20.195,0,1.9473,0
20.246,0,1.9473,0
20.297,0,1.9473,0
20.348,0,1.9473,0
20.398,0,1.9473,0
20.449,0,1.9473,0
20.5,0,1.9473,0
20.551,0,1.9473,0
20.601,0,1.9473,0
20.652,0,1.9473,0
20.703,0,1.9473,0
20.753,0,1.9473,0
20.803,0,1.9473,0
20.853,0,1.9473,0
20.903,0,1.9473,0
20.954,0,1.9473,0
21.004,0,1.9473,0
21.054,0,1.9473,0
21.106,0,1.9473,0
21.156,0,1.9473,0
21.206,0,1.9473,0
21.256,0,1.9473,0
21.307,0,1.9473,0
21.359,0,1.9473,0
21.41,0,1.9473,0
21.459,0,1.9473,0
21.509,0,1.9473,0
21.56,0,1.9288,0
21.61,0,1.9288,0
21.66,0,1.9288,0
21.71,0,1.9288,0
21.76,0,1.9288,0
21.81,0,1.9288,0
21.861,0,1.9288,0
21.911,0,1.9288,0
21.96,0,1.9288,0
22.011,0,1.9288,0
22.061,0,1.9288,0
22.111,0,1.9288,0
22.161,0,1.9288,0
22.211,0,1.9288,0
22.261,0,1.9288,0
22.311,0,1.9288,0
22.361,0,1.9288,0
22.437,0,1.9288,0
22.461,0,1.9288,0
22.511,0,1.9288,0
22.561,0,1.9288,0
22.611,0,1.9288,0
22.661,0,1.9288,0
22.712,0,1.9288,0
22.762,0,1.9288,0
22.813,0,1.9288,0
22.862,0,1.9288,0
22.912,0,1.9288,0
22.962,0,1.9288,0
23.012,0,1.9288,0
23.062,0,1.9288,0
23.113,0,1.9288,0
23.164,0,2.1907,0
23.214,0,2.1907,0
23.264,0,2.1907,0
23.314,0,2.1907,0
23.364,0,2.1907,0
23.414,0,2.1907,0
23.464,0,2.1907,0
23.514,0,2.1907,0
23.565,0,2.1907,0
23.615,0,2.1907,0
23.665,0,2.1907,0
23.715,0,2.1907,0
23.765,0,2.1907,0
23.815,0,2.1907,0
23.868,0,2.1907,0
23.918,0,2.1907,0
23.968,0,2.1907,0
24.018,0,2.1907,0
24.068,0,2.1907,0
24.118,0,2.1907,0
24.168,0,2.1907,0
24.218,0,2.1907,0
24.268,0,2.1907,0
24.318,0,2.1907,0
24.368,0,2.1907,0
24.418,0,2.1907,0
24.469,0,2.1907,0
24.518,0,2.1907,0
24.568,0,2.1907,0
24.618,0,2.1907,0
24.669,0,2.0864,0
24.719,0,2.0864,0
24.769,0,2.0864,0
24.819,0,2.0864,0
24.869,0,2.0864,0
24.919,0,2.0864,0
24.97,0,2.0864,0
25.02,0,2.0864,0
25.07,0,2.0864,0
25.121,0,2.0864,0
25.171,0,2.0864,0
25.222,0,2.0864,0
25.272,0,2.0864,0
25.323,0,2.0864,0
25.373,0,2.0864,0
25.423,0,2.0864,0
25.473,0,2.0864,0
25.523,0,2.0864,0
25.574,0,2.0864,0
25.625,0,2.0864,0
25.676,0,2.0864,0
25.727,0,2.0864,0
25.779,0,2.0864,0
25.829,0,2.0864,0
25.879,0,2.0864,0
25.929,0,2.0864,0
26.026,0,2.0864,0
26.043,0,2.0864,0
26.093,0,2.0864,0
26.143,0,2.0864,0
26.193,0,2.0864,0
26.245,0,2.0225,0
26.296,0,2.0225,0
26.347,0,2.0225,0
26.397,0,2.0225,0
26.447,0,2.0225,0
26.497,0,2.0225,0
26.549,0,2.0225,0
26.6,0,2.0225,0
26.65,0,2.0225,0
26.701,0,2.0225,0
26.753,0,2.0225,0
26.804,0,2.0225,0
26.856,0,2.0225,0
26.907,0,2.0225,0
26.957,0,2.0225,0
27.008,0,2.0225,0
27.058,0,2.0225,0
27.109,0,2.0225,0
27.16,0,2.0225,0
27.21,0,2.0225,0
27.26,0,2.0225,0
27.311,0,2.0225,0
27.361,0,2.0225,0
27.411,0,2.0225,0
27.461,0,2.0225,0
27.512,0,2.0225,0
27.563,0,2.0225,1
27.613,193.49,1.935,1
27.663,193.49,1.935,1
27.713,193.49,1.935,1
27.763,193.49,1.935,1
27.814,193.49,1.935,1
27.867,193.49,1.935,1
27.916,193.49,1.935,1
27.967,193.49,1.935,1
28.017,193.49,1.935,1
28.067,193.49,1.935,1
28.117,193.49,1.935,1
28.167,193.49,1.935,1
28.217,193.49,1.935,1
28.267,193.49,1.935,1
28.317,193.49,1.935,1
28.367,193.49,1.935,1
28.417,193.49,1.935,1
28.467,193.49,1.935,1
28.517,193.49,1.935,1
28.567,193.49,1.935,1
28.618,193.49,1.935,1
28.667,193.49,1.935,1
28.718,193.49,1.935,1
28.767,193.49,1.935,1
28.817,193.49,1.935,1
28.868,193.49,1.935,1
28.918,193.49,1.935,1
28.968,193.49,1.935,1
29.018,193.49,1.935,1
29.068,193.49,1.935,1
29.118,193.49,1.935,1
29.168,193.49,1.935,1
29.218,193.49,1.935,13
29.268,39.432,5.1262,13
29.319,39.432,5.1262,13
29.369,39.432,5.1262,13
29.419,39.432,5.1262,13
29.469,39.432,5.1262,13
29.519,39.432,5.1262,13
29.569,39.432,5.1262,13
29.619,39.432,5.1262,13
29.669,39.432,5.1262,13
29.719,39.432,5.1262,13
29.769,39.432,5.1262,13
29.819,39.432,5.1262,13
29.869,39.432,5.1262,13
29.919,39.432,5.1262,13
29.969,39.432,5.1262,13
30.021,39.432,5.1262,13
30.071,39.432,5.1262,13
30.121,39.432,5.1262,13
30.171,39.432,5.1262,13
30.221,39.432,5.1262,13
30.271,39.432,5.1262,13
30.322,39.432,5.1262,13
30.372,39.432,5.1262,13
30.423,39.432,5.1262,13
30.473,39.432,5.1262,13
30.524,39.432,5.1262,13
30.574,39.432,5.1262,13
30.624,39.432,5.1262,14
30.675,30.189,4.2264,14
30.725,30.189,4.2264,14
30.776,30.189,4.2264,14
30.826,30.189,4.2264,14
30.877,30.189,4.2264,14
30.927,30.189,4.2264,14
30.977,30.189,4.2264,14
31.027,30.189,4.2264,14
31.078,30.189,4.2264,14
31.128,30.189,4.2264,14
31.178,30.189,4.2264,14
31.229,30.189,4.2264,14
31.279,30.189,4.2264,14
31.329,30.189,4.2264,14
31.38,30.189,4.2264,14
31.431,30.189,4.2264,14
31.481,30.189,4.2264,14
31.532,30.189,4.2264,14
31.582,30.189,4.2264,14
31.633,30.189,4.2264,14
31.683,30.189,4.2264,14
31.735,30.189,4.2264,14
31.785,30.189,4.2264,14
31.834,30.189,4.2264,14
31.884,30.189,4.2264,14
31.935,30.189,4.2264,14
31.986,30.189,4.2264,14
32.036,30.189,4.2264,7
32.086,46.033,3.2223,7
32.137,46.033,3.2223,7
32.187,46.033,3.2223,7
32.237,46.033,3.2223,7
32.287,46.033,3.2223,7
32.337,46.033,3.2223,7
32.388,46.033,3.2223,7
32.438,46.033,3.2223,7
32.488,46.033,3.2223,7
32.538,46.033,3.2223,7
32.588,46.033,3.2223,7
32.638,46.033,3.2223,7
32.688,46.033,3.2223,7
32.738,46.033,3.2223,7
32.788,46.033,3.2223,7
32.838,46.033,3.2223,7
32.888,46.033,3.2223,7
32.938,46.033,3.2223,7
32.988,46.033,3.2223,7
33.038,46.033,3.2223,7
33.088,46.033,3.2223,7
33.138,46.033,3.2223,7
33.188,46.033,3.2223,7
33.238,46.033,3.2223,7
33.288,46.033,3.2223,7
33.339,46.033,3.2223,7
33.389,46.033,3.2223,7
33.439,46.033,3.2223,7
33.489,46.033,3.2223,7
33.539,46.033,3.2223,7
33.589,46.033,3.2223,7
33.639,46.033,3.2223,14
33.69,26.742,3.7438,14
33.74,26.742,3.7438,14
33.791,26.742,3.7438,14
33.841,26.742,3.7438,14
33.892,26.742,3.7438,14
33.942,26.742,3.7438,14
33.992,26.742,3.7438,14
34.042,26.742,3.7438,14
34.093,26.742,3.7438,14
34.143,26.742,3.7438,14
34.194,26.742,3.7438,14
34.245,26.742,3.7438,14
34.296,26.742,3.7438,14
34.346,26.742,3.7438,14
34.396,26.742,3.7438,14
34.447,26.742,3.7438,14
34.497,26.742,3.7438,14
34.548,26.742,3.7438,14
34.597,26.742,3.7438,14
34.648,26.742,3.7438,14
34.698,26.742,3.7438,14
34.748,26.742,3.7438,14
34.799,26.742,3.7438,14
34.849,26.742,3.7438,14
34.9,26.742,3.7438,14
34.951,26.742,3.7438,14
35.001,26.742,3.7438,14
35.051,26.742,3.7438,14
35.102,26.742,3.7438,14
35.152,26.742,3.7438,19
35.202,18.476,3.5104,19
35.253,18.476,3.5104,19
35.303,18.476,3.5104,19
35.353,18.476,3.5104,19
35.404,18.476,3.5104,19
35.454,18.476,3.5104,19
35.505,18.476,3.5104,19
35.555,18.476,3.5104,19
35.606,18.476,3.5104,19
35.656,18.476,3.5104,19
35.706,18.476,3.5104,19
35.757,18.476,3.5104,19
35.807,18.476,3.5104,19
35.858,18.476,3.5104,19
35.909,18.476,3.5104,19
35.959,18.476,3.5104,19
36.009,18.476,3.5104,19
36.06,18.476,3.5104,19
36.11,18.476,3.5104,19
36.16,18.476,3.5104,19
36.211,18.476,3.5104,19
36.261,18.476,3.5104,19
36.311,18.476,3.5104,19
36.362,18.476,3.5104,19
36.412,18.476,3.5104,19
36.463,18.476,3.5104,19
36.514,18.476,3.5104,19
36.565,18.476,3.5104,20
36.615,31.954,6.3908,20
36.666,31.954,6.3908,20
36.716,31.954,6.3908,20
36.766,31.954,6.3908,20
36.817,31.954,6.3908,20
36.867,31.954,6.3908,20
36.918,31.954,6.3908,20
36.969,31.954,6.3908,20
37.019,31.954,6.3908,20
37.069,31.954,6.3908,20
37.12,31.954,6.3908,20
37.17,31.954,6.3908,20
37.22,31.954,6.3908,20
37.271,31.954,6.3908,20
37.321,31.954,6.3908,20
37.371,31.954,6.3908,20
37.422,31.954,6.3908,20
37.472,31.954,6.3908,20
37.522,31.954,6.3908,20
37.574,31.954,6.3908,20
37.623,31.954,6.3908,20
37.673,31.954,6.3908,20
37.724,31.954,6.3908,20
37.775,31.954,6.3908,20
37.826,31.954,6.3908,20
37.877,31.954,6.3908,20
37.927,31.954,6.3908,20
37.977,31.954,6.3908,19
38.027,24.073,4.5739,19
38.078,24.073,4.5739,19
38.129,24.073,4.5739,19
38.179,24.073,4.5739,19
38.229,24.073,4.5739,19
38.279,24.073,4.5739,19
38.33,24.073,4.5739,19
38.38,24.073,4.5739,19
38.43,24.073,4.5739,19
38.481,24.073,4.5739,19
38.531,24.073,4.5739,19
38.581,24.073,4.5739,19
38.631,24.073,4.5739,19
38.681,24.073,4.5739,19
38.731,24.073,4.5739,19
38.787,24.073,4.5739,19
38.836,24.073,4.5739,19
38.887,24.073,4.5739,19
38.938,24.073,4.5739,19
38.988,24.073,4.5739,19
39.038,24.073,4.5739,19
39.088,24.073,4.5739,19
39.139,24.073,4.5739,19
39.189,24.073,4.5739,19
39.239,24.073,4.5739,19
39.289,24.073,4.5739,19
39.34,24.073,4.5739,17
39.391,24.073,4.5739,17
39.441,34.368,5.8426,17
39.491,34.368,5.8426,17
39.541,34.368,5.8426,17
39.592,34.368,5.8426,17
39.643,34.368,5.8426,17
39.694,34.368,5.8426,17
39.744,34.368,5.8426,17
39.794,34.368,5.8426,17
39.845,34.368,5.8426,17
39.895,34.368,5.8426,17
39.945,34.368,5.8426,17
39.995,34.368,5.8426,17
40.045,34.368,5.8426,17
40.096,34.368,5.8426,17
40.146,34.368,5.8426,17
40.198,34.368,5.8426,17
40.249,34.368,5.8426,17
40.298,34.368,5.8426,17
40.349,34.368,5.8426,17
40.4,34.368,5.8426,17
40.45,34.368,5.8426,17
40.501,34.368,5.8426,17
40.551,34.368,5.8426,17
40.602,34.368,5.8426,17
40.652,34.368,5.8426,17
40.703,34.368,5.8426,17
40.754,34.368,5.8426,17
40.805,34.368,5.8426,17
40.856,34.368,5.8426,17
40.906,34.368,5.8426,17
40.958,34.368,5.8426,17
41.009,34.368,5.8426,17
41.059,34.368,5.8426,17
41.11,34.368,5.8426,17
41.16,34.368,5.8426,17
41.211,34.368,5.8426,17
41.261,34.368,5.8426,17
41.312,34.368,5.8426,17
41.363,34.368,5.8426,17
41.413,34.368,5.8426,17
41.463,34.368,5.8426,17
41.514,15.481,3.7154,24
41.565,15.481,3.7154,24
41.616,15.481,3.7154,24
41.667,15.481,3.7154,24
41.717,15.481,3.7154,24
41.768,15.481,3.7154,24
41.818,15.481,3.7154,24
41.869,15.481,3.7154,24
41.92,15.481,3.7154,24
41.971,15.481,3.7154,24
42.02,15.481,3.7154,24
42.071,15.481,3.7154,24
42.122,15.481,3.7154,24
42.172,15.481,3.7154,24
42.222,15.481,3.7154,24
42.272,15.481,3.7154,24
42.322,15.481,3.7154,24
42.372,15.481,3.7154,24
42.422,15.481,3.7154,24
42.472,15.481,3.7154,24
42.522,15.481,3.7154,24
42.572,15.481,3.7154,24
42.622,15.481,3.7154,24
42.673,15.481,3.7154,24
42.723,15.481,3.7154,24
42.773,15.481,3.7154,24
42.823,15.481,3.7154,24
42.874,15.481,3.7154,24
42.924,15.481,3.7154,24
42.975,15.481,3.7154,23
43.025,13.688,3.1482,23
43.075,13.688,3.1482,23
43.125,13.688,3.1482,23
43.176,13.688,3.1482,23
43.226,13.688,3.1482,23
43.276,13.688,3.1482,23
43.327,13.688,3.1482,23
43.377,13.688,3.1482,23
43.428,13.688,3.1482,23
43.478,13.688,3.1482,23
43.528,13.688,3.1482,23
43.578,13.688,3.1482,23
43.629,13.688,3.1482,23
43.679,13.688,3.1482,23
43.73,13.688,3.1482,23
43.78,13.688,3.1482,23
43.831,13.688,3.1482,23
43.88,13.688,3.1482,23
43.93,13.688,3.1482,23
43.981,13.688,3.1482,23
44.031,13.688,3.1482,23
44.082,13.688,3.1482,23
44.132,13.688,3.1482,23
44.183,13.688,3.1482,23
44.234,13.688,3.1482,23
44.284,13.688,3.1482,23
44.335,13.688,3.1482,23
44.386,13.688,3.1482,23
44.436,13.688,3.1482,25
44.486,13.688,3.1482,25
44.536,16.354,4.0886,25
44.587,16.354,4.0886,25
44.637,16.354,4.0886,25
44.688,16.354,4.0886,25
44.739,16.354,4.0886,25
44.79,16.354,4.0886,25
44.84,16.354,4.0886,25
44.89,16.354,4.0886,25
44.94,16.354,4.0886,25
44.99,16.354,4.0886,25
45.04,16.354,4.0886,25
45.091,16.354,4.0886,25
45.141,16.354,4.0886,25
45.192,16.354,4.0886,25
45.243,16.354,4.0886,25
45.294,16.354,4.0886,25
45.344,16.354,4.0886,25
45.395,16.354,4.0886,25
45.445,16.354,4.0886,25
45.495,16.354,4.0886,25
45.545,16.354,4.0886,25
45.596,16.354,4.0886,25
45.646,16.354,4.0886,25
45.697,16.354,4.0886,25
45.747,16.354,4.0886,25
45.797,16.354,4.0886,25
45.848,16.354,4.0886,25
45.903,16.354,4.0886,25
45.952,16.354,4.0886,28
46.003,21.517,6.0247,28
46.053,21.517,6.0247,28
46.104,21.517,6.0247,28
46.154,21.517,6.0247,28
46.204,21.517,6.0247,28
46.254,21.517,6.0247,28
46.305,21.517,6.0247,28
46.355,21.517,6.0247,28
46.405,21.517,6.0247,28
46.455,21.517,6.0247,28
46.506,21.517,6.0247,28
46.556,21.517,6.0247,28
46.607,21.517,6.0247,28
46.657,21.517,6.0247,28
46.707,21.517,6.0247,28
46.757,21.517,6.0247,28
46.807,21.517,6.0247,28
46.857,21.517,6.0247,28
46.907,21.517,6.0247,28
46.957,21.517,6.0247,28
47.007,21.517,6.0247,28
47.057,21.517,6.0247,28
47.107,21.517,6.0247,28
47.157,21.517,6.0247,28
47.207,21.517,6.0247,28
47.258,21.517,6.0247,28
47.308,21.517,6.0247,28
47.358,21.517,6.0247,28
47.408,21.517,6.0247,28
47.458,21.517,6.0247,28
47.508,21.517,6.0247,28
47.559,21.517,6.0247,28
47.61,12.87,3.6035,28
47.661,12.87,3.6035,28
47.711,12.87,3.6035,28
47.762,12.87,3.6035,28
47.812,12.87,3.6035,28
47.862,12.87,3.6035,28
47.912,12.87,3.6035,28
47.962,12.87,3.6035,28
48.014,12.87,3.6035,28
48.064,12.87,3.6035,28
48.115,12.87,3.6035,28
48.165,12.87,3.6035,28
48.215,12.87,3.6035,28
48.265,12.87,3.6035,28
48.315,12.87,3.6035,28
48.365,12.87,3.6035,28
48.416,12.87,3.6035,28
48.466,12.87,3.6035,28
48.516,12.87,3.6035,28
48.567,12.87,3.6035,28
48.618,12.87,3.6035,28
48.668,12.87,3.6035,28
48.718,12.87,3.6035,28
48.769,12.87,3.6035,28
48.819,12.87,3.6035,28
48.87,12.87,3.6035,28
48.92,12.87,3.6035,28
48.97,12.87,3.6035,28
49.02,12.87,3.6035,28
49.071,12.87,3.6035,22
49.122,11.777,2.5909,22
49.172,11.777,2.5909,22
49.222,11.777,2.5909,22
49.272,11.777,2.5909,22
49.323,11.777,2.5909,22
49.373,11.777,2.5909,22
49.424,11.777,2.5909,22
49.474,11.777,2.5909,22
49.525,11.777,2.5909,22
49.575,11.777,2.5909,22
49.626,11.777,2.5909,22
49.676,11.777,2.5909,22
49.727,11.777,2.5909,22
49.777,11.777,2.5909,22
49.827,11.777,2.5909,22
49.879,11.777,2.5909,22
49.93,11.777,2.5909,22
49.981,11.777,2.5909,22
50.032,11.777,2.5909,22
50.083,11.777,2.5909,22
50.134,11.777,2.5909,22
50.184,11.777,2.5909,22
50.235,11.777,2.5909,22
50.285,11.777,2.5909,22
50.336,11.777,2.5909,22
50.386,11.777,2.5909,22
50.436,11.777,2.5909,22
50.486,11.777,2.5909,22
50.536,11.777,2.5909,22
50.587,11.777,2.5909,17
50.637,19.531,3.3203,17
50.687,19.531,3.3203,17
50.737,19.531,3.3203,17
50.787,19.531,3.3203,17
50.837,19.531,3.3203,17
50.887,19.531,3.3203,17
50.937,19.531,3.3203,17
50.987,19.531,3.3203,17
51.037,19.531,3.3203,17
51.088,19.531,3.3203,17
51.138,19.531,3.3203,17
51.188,19.531,3.3203,17
51.238,19.531,3.3203,17
51.288,19.531,3.3203,17
51.338,19.531,3.3203,17
51.388,19.531,3.3203,17
51.438,19.531,3.3203,17
51.488,19.531,3.3203,17
51.539,19.531,3.3203,17
51.59,19.531,3.3203,17
51.642,19.531,3.3203,17
51.693,19.531,3.3203,17
51.743,19.531,3.3203,17
51.794,19.531,3.3203,17
51.844,19.531,3.3203,17
51.894,19.531,3.3203,17
51.945,19.531,3.3203,17
51.995,19.531,3.3203,17
52.045,19.531,3.3203,23
52.095,22.746,5.2317,23
52.146,22.746,5.2317,23
52.195,22.746,5.2317,23
52.246,22.746,5.2317,23
52.296,22.746,5.2317,23
52.347,22.746,5.2317,23
52.397,22.746,5.2317,23
52.447,22.746,5.2317,23
52.497,22.746,5.2317,23
52.547,22.746,5.2317,23
52.597,22.746,5.2317,23
52.648,22.746,5.2317,23
52.699,22.746,5.2317,23
52.75,22.746,5.2317,23
52.8,22.746,5.2317,23
52.85,22.746,5.2317,23
52.9,22.746,5.2317,23
52.951,22.746,5.2317,23
53.001,22.746,5.2317,23
53.051,22.746,5.2317,23
53.101,22.746,5.2317,23
53.153,22.746,5.2317,23
53.204,22.746,5.2317,23
53.254,22.746,5.2317,23
53.306,22.746,5.2317,23
53.357,22.746,5.2317,23
53.408,22.746,5.2317,23
53.52,22.746,5.2317,23
53.52,22.746,5.2317,23
53.567,22.746,5.2317,23
53.617,22.746,5.2317,23
53.668,22.746,5.2317,23
53.718,22.746,5.2317,23
53.768,22.746,5.2317,23
53.819,22.746,5.2317,27
53.87,22.746,5.2317,27
53.919,13.562,3.6616,27
53.973,13.562,3.6616,27
54.023,13.562,3.6616,27
54.073,13.562,3.6616,27
54.123,13.562,3.6616,27
54.174,13.562,3.6616,27
54.224,13.562,3.6616,27
54.274,13.562,3.6616,27
54.325,13.562,3.6616,27
54.376,13.562,3.6616,27
54.427,13.562,3.6616,27
54.476,13.562,3.6616,27
54.527,13.562,3.6616,27
54.577,13.562,3.6616,27
54.627,13.562,3.6616,27
54.678,13.562,3.6616,27
54.728,13.562,3.6616,27
54.779,13.562,3.6616,27
54.83,13.562,3.6616,27
54.881,13.562,3.6616,27
54.931,13.562,3.6616,27
54.981,13.562,3.6616,27
55.032,13.562,3.6616,27
55.083,13.562,3.6616,27
55.133,13.562,3.6616,27
55.184,13.562,3.6616,27
55.233,13.562,3.6616,27
55.284,13.562,3.6616,27
55.334,13.562,3.6616,27
55.384,29.643,8.0037,27
55.435,29.643,8.0037,27
55.485,29.643,8.0037,27
55.536,29.643,8.0037,27
55.586,29.643,8.0037,27
55.636,29.643,8.0037,27
55.686,29.643,8.0037,27
55.736,29.643,8.0037,27
55.787,29.643,8.0037,27
55.839,29.643,8.0037,27
55.889,29.643,8.0037,27
55.94,29.643,8.0037,27
55.99,29.643,8.0037,27
56.04,29.643,8.0037,27
56.09,29.643,8.0037,27
56.14,29.643,8.0037,27
56.19,29.643,8.0037,27
56.24,29.643,8.0037,27
56.29,29.643,8.0037,27
56.34,29.643,8.0037,27
56.39,29.643,8.0037,27
56.44,29.643,8.0037,27
56.49,29.643,8.0037,27
56.54,29.643,8.0037,27
56.59,29.643,8.0037,27
56.64,29.643,8.0037,27
56.69,29.643,8.0037,27
56.74,29.643,8.0037,27
56.79,29.643,8.0037,27
56.84,29.643,8.0037,27
56.891,29.643,8.0037,27
56.941,29.643,8.0037,32
56.991,13.827,4.4247,32
57.041,13.827,4.4247,32
57.091,13.827,4.4247,32
57.14,13.827,4.4247,32
57.19,13.827,4.4247,32
57.24,13.827,4.4247,32
57.291,13.827,4.4247,32
57.341,13.827,4.4247,32
57.391,13.827,4.4247,32
57.441,13.827,4.4247,32
57.491,13.827,4.4247,32
57.541,13.827,4.4247,32
57.592,13.827,4.4247,32
57.642,13.827,4.4247,32
57.693,13.827,4.4247,32
57.743,13.827,4.4247,32
57.793,13.827,4.4247,32
57.843,13.827,4.4247,32
57.894,13.827,4.4247,32
57.945,13.827,4.4247,32
57.995,13.827,4.4247,32
58.047,13.827,4.4247,32
58.098,13.827,4.4247,32
58.148,13.827,4.4247,32
58.198,13.827,4.4247,32
58.249,13.827,4.4247,32
58.3,13.827,4.4247,32
58.351,13.827,4.4247,32
58.402,13.827,4.4247,29
58.452,19.056,5.5263,29
58.502,19.056,5.5263,29
58.553,19.056,5.5263,29
58.603,19.056,5.5263,29
58.653,19.056,5.5263,29
58.704,19.056,5.5263,29
58.754,19.056,5.5263,29
58.804,19.056,5.5263,29
58.855,19.056,5.5263,29
58.905,19.056,5.5263,29
58.955,19.056,5.5263,29
59.006,19.056,5.5263,29
59.056,19.056,5.5263,29
59.107,19.056,5.5263,29
59.158,19.056,5.5263,29
59.208,19.056,5.5263,29
59.265,19.056,5.5263,29
59.313,19.056,5.5263,29
59.363,19.056,5.5263,29
59.413,19.056,5.5263,29
59.465,19.056,5.5263,29
59.515,19.056,5.5263,29
59.565,19.056,5.5263,29
59.616,19.056,5.5263,29
59.666,19.056,5.5263,29
59.716,19.056,5.5263,29
59.767,19.056,5.5263,29
59.817,19.056,5.5263,29
59.868,19.056,5.5263,29
59.918,19.056,5.5263,34
59.969,17.554,5.9683,34
60.02,17.554,5.9683,34
60.07,17.554,5.9683,34
60.12,17.554,5.9683,34
60.171,17.554,5.9683,34
60.221,17.554,5.9683,34
60.271,17.554,5.9683,34
60.322,17.554,5.9683,34
60.372,17.554,5.9683,34
60.422,17.554,5.9683,34
60.473,17.554,5.9683,34
60.525,17.554,5.9683,34
60.576,17.554,5.9683,34
60.626,17.554,5.9683,34
60.677,17.554,5.9683,34
60.727,17.554,5.9683,34
60.777,17.554,5.9683,34
60.827,17.554,5.9683,34
60.878,17.554,5.9683,34
60.927,17.554,5.9683,34
60.978,17.554,5.9683,34
61.029,17.554,5.9683,34
61.079,17.554,5.9683,34
61.129,17.554,5.9683,34
61.18,17.554,5.9683,34
61.23,17.554,5.9683,34
61.281,17.554,5.9683,34
61.333,17.554,5.9683,32
61.383,17.191,5.501,32
61.434,17.191,5.501,32
61.485,17.191,5.501,32
61.536,17.191,5.501,32
61.586,17.191,5.501,32
61.637,17.191,5.501,32
61.686,17.191,5.501,32
61.737,17.191,5.501,32
61.787,17.191,5.501,32
61.837,17.191,5.501,32
61.887,17.191,5.501,32
61.938,17.191,5.501,32
61.988,17.191,5.501,32
62.039,17.191,5.501,32
62.089,17.191,5.501,32
62.139,17.191,5.501,32
62.189,17.191,5.501,32
62.241,17.191,5.501,32
62.291,17.191,5.501,32
62.343,17.191,5.501,32
62.394,17.191,5.501,32
62.443,17.191,5.501,32
62.494,17.191,5.501,32
62.544,17.191,5.501,32
62.595,17.191,5.501,32
62.646,17.191,5.501,32
62.698,17.191,5.501,32
62.748,17.191,5.501,26
62.799,11.272,2.9307,26
62.85,11.272,2.9307,26
62.901,11.272,2.9307,26
62.953,11.272,2.9307,26
63.003,11.272,2.9307,26
63.054,11.272,2.9307,26
63.104,11.272,2.9307,26
63.155,11.272,2.9307,26
63.205,11.272,2.9307,26
63.255,11.272,2.9307,26
63.305,11.272,2.9307,26
63.355,11.272,2.9307,26
63.405,11.272,2.9307,26
63.456,11.272,2.9307,26
63.506,11.272,2.9307,26
63.556,11.272,2.9307,26
63.607,11.272,2.9307,26
63.663,11.272,2.9307,26
63.713,11.272,2.9307,26
63.763,11.272,2.9307,26
63.813,11.272,2.9307,26
63.863,11.272,2.9307,26
63.913,11.272,2.9307,26
63.963,11.272,2.9307,26
64.014,11.272,2.9307,26
64.064,11.272,2.9307,26
64.115,11.272,2.9307,26
64.165,11.272,2.9307,16
64.216,16.73,2.6769,16
64.266,16.73,2.6769,16
64.317,16.73,2.6769,16
64.368,16.73,2.6769,16
64.419,16.73,2.6769,16
64.469,16.73,2.6769,16
64.518,16.73,2.6769,16
64.569,16.73,2.6769,16
64.619,16.73,2.6769,16
64.669,16.73,2.6769,16
64.72,16.73,2.6769,16
64.77,16.73,2.6769,16
64.82,16.73,2.6769,16
64.871,16.73,2.6769,16
64.922,16.73,2.6769,16
64.973,16.73,2.6769,16
65.024,16.73,2.6769,16
65.074,16.73,2.6769,16
65.124,16.73,2.6769,16
65.175,16.73,2.6769,16
65.226,16.73,2.6769,16
65.276,16.73,2.6769,16
65.327,16.73,2.6769,16
65.378,16.73,2.6769,16
65.428,16.73,2.6769,16
65.478,16.73,2.6769,16
65.529,16.73,2.6769,16
65.58,16.73,2.6769,16
65.63,16.73,2.6769,16
65.68,16.73,2.6769,12
65.731,18.971,2.2765,12
65.781,18.971,2.2765,12
65.831,18.971,2.2765,12
65.882,18.971,2.2765,12
65.932,18.971,2.2765,12
65.984,18.971,2.2765,12
66.034,18.971,2.2765,12
66.085,18.971,2.2765,12
66.135,18.971,2.2765,12
66.185,18.971,2.2765,12
66.235,18.971,2.2765,12
66.286,18.971,2.2765,12
66.336,18.971,2.2765,12
66.387,18.971,2.2765,12
66.438,18.971,2.2765,12
66.488,18.971,2.2765,12
66.539,18.971,2.2765,12
66.589,18.971,2.2765,12
66.639,18.971,2.2765,12
66.689,18.971,2.2765,12
66.74,18.971,2.2765,12
66.791,18.971,2.2765,12
66.843,18.971,2.2765,12
66.891,18.971,2.2765,12
66.942,18.971,2.2765,12
66.992,18.971,2.2765,12
67.042,18.971,2.2765,12
67.093,18.971,2.2765,12
67.143,18.971,2.2765,12
67.194,18.971,2.2765,12
67.245,18.971,2.2765,20
67.294,23.247,4.6495,20
67.345,23.247,4.6495,20
67.395,23.247,4.6495,20
67.445,23.247,4.6495,20
67.496,23.247,4.6495,20
67.546,23.247,4.6495,20
67.597,23.247,4.6495,20
67.648,23.247,4.6495,20
67.698,23.247,4.6495,20
67.748,23.247,4.6495,20
67.799,23.247,4.6495,20
67.85,23.247,4.6495,20
67.9,23.247,4.6495,20
67.95,23.247,4.6495,20
68.002,23.247,4.6495,20
68.053,23.247,4.6495,20
68.104,23.247,4.6495,20
68.155,23.247,4.6495,20
68.205,23.247,4.6495,20
68.255,23.247,4.6495,20
68.305,23.247,4.6495,20
68.355,23.247,4.6495,20
68.405,23.247,4.6495,20
68.456,23.247,4.6495,20
68.507,23.247,4.6495,20
68.557,23.247,4.6495,20
68.608,23.247,4.6495,27
68.658,17.411,4.701,27
68.708,17.411,4.701,27
68.759,17.411,4.701,27
68.809,17.411,4.701,27
68.859,17.411,4.701,27
68.91,17.411,4.701,27
68.96,17.411,4.701,27
69.01,17.411,4.701,27
69.061,17.411,4.701,27
69.111,17.411,4.701,27
69.161,17.411,4.701,27
69.222,17.411,4.701,27
69.262,17.411,4.701,27
69.312,17.411,4.701,27
69.363,17.411,4.701,27
69.413,17.411,4.701,27
69.464,17.411,4.701,27
69.514,17.411,4.701,27
69.564,17.411,4.701,27
69.615,17.411,4.701,27
69.667,17.411,4.701,27
69.717,17.411,4.701,27
69.768,17.411,4.701,27
69.818,17.411,4.701,27
69.869,17.411,4.701,27
69.92,17.411,4.701,27
69.969,17.411,4.701,27
70.019,17.411,4.701,23
70.071,16.579,3.8131,23
70.121,16.579,3.8131,23
70.171,16.579,3.8131,23
70.222,16.579,3.8131,23
70.272,16.579,3.8131,23
70.322,16.579,3.8131,23
70.373,16.579,3.8131,23
70.424,16.579,3.8131,23
70.475,16.579,3.8131,23
70.525,16.579,3.8131,23
70.575,16.579,3.8131,23
70.626,16.579,3.8131,23
70.676,16.579,3.8131,23
70.727,16.579,3.8131,23
70.778,16.579,3.8131,23
70.829,16.579,3.8131,23
70.879,16.579,3.8131,23
70.929,16.579,3.8131,23
70.98,16.579,3.8131,23
71.03,16.579,3.8131,23
71.08,16.579,3.8131,23
71.131,16.579,3.8131,23
71.181,16.579,3.8131,23
71.23,16.579,3.8131,23
71.282,16.579,3.8131,23
71.332,16.579,3.8131,23
71.382,16.579,3.8131,23
71.432,16.579,3.8131,23
71.482,16.579,3.8131,23
71.532,16.579,3.8131,23
71.583,16.579,3.8131,23
71.633,16.579,3.8131,23
71.683,16.579,3.8131,23
71.734,16.579,3.8131,23
71.785,16.579,3.8131,23
71.835,16.579,3.8131,23
71.886,16.579,3.8131,23
71.936,16.579,3.8131,23
71.987,16.579,3.8131,27
72.037,17.541,4.736,27
72.087,17.541,4.736,27
72.137,17.541,4.736,27
72.188,17.541,4.736,27
72.238,17.541,4.736,27
72.289,17.541,4.736,27
72.34,17.541,4.736,27
72.39,17.541,4.736,27
72.441,17.541,4.736,27
72.491,17.541,4.736,27
72.542,17.541,4.736,27
72.592,17.541,4.736,27
72.643,17.541,4.736,27
72.694,17.541,4.736,27
72.744,17.541,4.736,27
72.794,17.541,4.736,27
72.845,17.541,4.736,27
72.895,17.541,4.736,27
72.945,17.541,4.736,27
72.996,17.541,4.736,27
73.046,17.541,4.736,27
73.097,17.541,4.736,27
73.147,17.541,4.736,27
73.198,17.541,4.736,27
73.249,17.541,4.736,27
73.3,17.541,4.736,27
73.35,17.541,4.736,35
73.401,25.011,8.7537,35
73.451,25.011,8.7537,35
73.502,25.011,8.7537,35
73.557,25.011,8.7537,35
73.607,25.011,8.7537,35
73.657,25.011,8.7537,35
73.707,25.011,8.7537,35
73.757,25.011,8.7537,35
73.807,25.011,8.7537,35
73.857,25.011,8.7537,35
73.907,25.011,8.7537,35
73.957,25.011,8.7537,35
74.007,25.011,8.7537,35
74.057,25.011,8.7537,35
74.107,25.011,8.7537,35
74.157,25.011,8.7537,35
74.207,25.011,8.7537,35
74.257,25.011,8.7537,35
74.307,25.011,8.7537,35
74.357,25.011,8.7537,35
74.407,25.011,8.7537,35
74.457,25.011,8.7537,35
74.508,25.011,8.7537,35
74.557,25.011,8.7537,35
74.607,25.011,8.7537,35
74.657,25.011,8.7537,35
74.707,25.011,8.7537,35
74.757,25.011,8.7537,29
74.808,15.618,4.5293,29
74.858,15.618,4.5293,29
74.908,15.618,4.5293,29
74.958,15.618,4.5293,29
75.008,15.618,4.5293,29
75.058,15.618,4.5293,29
75.108,15.618,4.5293,29
75.158,15.618,4.5293,29
75.208,15.618,4.5293,29
75.258,15.618,4.5293,29
75.308,15.618,4.5293,29
75.358,15.618,4.5293,29
75.408,15.618,4.5293,29
75.458,15.618,4.5293,29
75.508,15.618,4.5293,29
75.559,15.618,4.5293,29
75.609,15.618,4.5293,29
75.659,15.618,4.5293,29
75.709,15.618,4.5293,29
75.759,15.618,4.5293,29
75.809,15.618,4.5293,29
75.86,15.618,4.5293,29
75.91,15.618,4.5293,29
75.96,15.618,4.5293,29
76.01,15.618,4.5293,29
76.06,15.618,4.5293,29
76.11,15.618,4.5293,29
76.16,15.618,4.5293,29
76.21,15.618,4.5293,28
76.26,9.0443,2.5324,28
76.31,9.0443,2.5324,28
76.36,9.0443,2.5324,28
76.41,9.0443,2.5324,28
76.46,9.0443,2.5324,28
76.511,9.0443,2.5324,28
76.561,9.0443,2.5324,28
76.612,9.0443,2.5324,28
76.663,9.0443,2.5324,28
76.715,9.0443,2.5324,28
76.766,9.0443,2.5324,28
76.817,9.0443,2.5324,28
76.868,9.0443,2.5324,28
76.918,9.0443,2.5324,28
76.969,9.0443,2.5324,28
77.019,9.0443,2.5324,28
77.071,9.0443,2.5324,28
77.121,9.0443,2.5324,28
77.172,9.0443,2.5324,28
77.222,9.0443,2.5324,28
77.273,9.0443,2.5324,28
77.324,9.0443,2.5324,28
77.375,9.0443,2.5324,28
77.425,9.0443,2.5324,28
77.476,9.0443,2.5324,28
77.527,9.0443,2.5324,28
77.578,9.0443,2.5324,28
77.628,9.0443,2.5324,28
77.679,9.0443,2.5324,28
77.73,15.708,4.0841,26
77.781,15.708,4.0841,26
77.831,15.708,4.0841,26
77.882,15.708,4.0841,26
77.933,15.708,4.0841,26
77.985,15.708,4.0841,26
78.036,15.708,4.0841,26
78.087,15.708,4.0841,26
78.137,15.708,4.0841,26
78.187,15.708,4.0841,26
78.238,15.708,4.0841,26
78.289,15.708,4.0841,26
78.339,15.708,4.0841,26
78.39,15.708,4.0841,26
78.441,15.708,4.0841,26
78.491,15.708,4.0841,26
78.542,15.708,4.0841,26
78.592,15.708,4.0841,26
78.642,15.708,4.0841,26
78.693,15.708,4.0841,26
78.743,15.708,4.0841,26
78.794,15.708,4.0841,26
78.844,15.708,4.0841,26
78.894,15.708,4.0841,26
78.945,15.708,4.0841,26
78.995,15.708,4.0841,26
79.046,15.708,4.0841,26
79.096,15.708,4.0841,27
79.146,8.8504,2.3896,27
79.196,8.8504,2.3896,27
79.247,8.8504,2.3896,27
79.297,8.8504,2.3896,27
79.348,8.8504,2.3896,27
79.402,8.8504,2.3896,27
79.452,8.8504,2.3896,27
79.502,8.8504,2.3896,27
79.552,8.8504,2.3896,27
79.603,8.8504,2.3896,27
79.654,8.8504,2.3896,27
79.705,8.8504,2.3896,27
79.755,8.8504,2.3896,27
79.805,8.8504,2.3896,27
79.855,8.8504,2.3896,27
79.906,8.8504,2.3896,27
79.956,8.8504,2.3896,27
80.007,8.8504,2.3896,27
80.057,8.8504,2.3896,27
80.107,8.8504,2.3896,27
80.158,8.8504,2.3896,27
80.208,8.8504,2.3896,27
80.258,8.8504,2.3896,27
80.308,8.8504,2.3896,27
80.359,8.8504,2.3896,27
80.409,8.8504,2.3896,27
80.459,8.8504,2.3896,27
80.509,8.8504,2.3896,15
80.559,25.823,3.8734,15
80.609,25.823,3.8734,15
80.659,25.823,3.8734,15
80.71,25.823,3.8734,15
80.759,25.823,3.8734,15
80.809,25.823,3.8734,15
80.859,25.823,3.8734,15
80.909,25.823,3.8734,15
80.96,25.823,3.8734,15
81.01,25.823,3.8734,15
81.06,25.823,3.8734,15
81.11,25.823,3.8734,15
81.16,25.823,3.8734,15
81.211,25.823,3.8734,15
81.262,25.823,3.8734,15
81.311,25.823,3.8734,15
81.361,25.823,3.8734,15
81.411,25.823,3.8734,15
81.461,25.823,3.8734,15
81.512,25.823,3.8734,15
81.561,25.823,3.8734,15
81.611,25.823,3.8734,15
81.661,25.823,3.8734,15
81.712,25.823,3.8734,15
81.762,25.823,3.8734,15
81.812,25.823,3.8734,15
81.862,25.823,3.8734,15
81.912,25.823,3.8734,15
81.962,25.823,3.8734,15
82.012,25.823,3.8734,18
82.062,25.823,3.8734,18
82.112,27.435,4.9382,18
82.163,27.435,4.9382,18
82.213,27.435,4.9382,18
82.263,27.435,4.9382,18
82.313,27.435,4.9382,18
82.363,27.435,4.9382,18
82.414,27.435,4.9382,18
82.465,27.435,4.9382,18
82.516,27.435,4.9382,18
82.567,27.435,4.9382,18
82.617,27.435,4.9382,18
82.667,27.435,4.9382,18
82.718,27.435,4.9382,18
82.768,27.435,4.9382,18
82.819,27.435,4.9382,18
82.87,27.435,4.9382,18
82.92,27.435,4.9382,18
82.97,27.435,4.9382,18
83.021,27.435,4.9382,18
83.072,27.435,4.9382,18
83.122,27.435,4.9382,18
83.172,27.435,4.9382,18
83.222,27.435,4.9382,18
83.272,27.435,4.9382,18
83.322,27.435,4.9382,18
83.373,27.435,4.9382,18
83.424,27.435,4.9382,18
83.474,27.435,4.9382,18
83.562,27.435,4.9382,18
83.579,27.435,4.9382,17
83.63,27.435,4.9382,17
83.68,28.11,4.7787,17
83.731,28.11,4.7787,17
83.783,28.11,4.7787,17
83.833,28.11,4.7787,17
83.883,28.11,4.7787,17
83.934,28.11,4.7787,17
83.984,28.11,4.7787,17
84.034,28.11,4.7787,17
84.086,28.11,4.7787,17
84.136,28.11,4.7787,17
84.187,28.11,4.7787,17
84.237,28.11,4.7787,17
84.287,28.11,4.7787,17
84.338,28.11,4.7787,17
84.388,28.11,4.7787,17
84.438,28.11,4.7787,17
84.489,28.11,4.7787,17
84.539,28.11,4.7787,17
84.589,28.11,4.7787,17
84.64,28.11,4.7787,17
84.69,28.11,4.7787,17
84.74,28.11,4.7787,17
84.791,28.11,4.7787,17
84.84,28.11,4.7787,17
84.891,28.11,4.7787,17
84.941,28.11,4.7787,17
84.993,28.11,4.7787,17
85.044,28.11,4.7787,13
85.095,36.673,4.7675,13
85.145,36.673,4.7675,13
85.195,36.673,4.7675,13
85.246,36.673,4.7675,13
85.296,36.673,4.7675,13
85.346,36.673,4.7675,13
85.397,36.673,4.7675,13
85.448,36.673,4.7675,13
85.499,36.673,4.7675,13
85.549,36.673,4.7675,13
85.598,36.673,4.7675,13
85.649,36.673,4.7675,13
85.7,36.673,4.7675,13
85.75,36.673,4.7675,13
85.8,36.673,4.7675,13
85.85,36.673,4.7675,13
85.9,36.673,4.7675,13
85.95,36.673,4.7675,13
86,36.673,4.7675,13
86.051,36.673,4.7675,13
86.101,36.673,4.7675,13
86.152,36.673,4.7675,13
86.202,36.673,4.7675,13
86.257,36.673,4.7675,13
86.307,36.673,4.7675,13
86.357,36.673,4.7675,13
86.408,36.673,4.7675,13
86.459,36.673,4.7675,13
86.509,36.673,4.7675,13
86.559,36.673,4.7675,13
86.609,36.673,4.7675,22
86.659,35.981,7.9158,22
86.709,35.981,7.9158,22
86.759,35.981,7.9158,22
86.813,35.981,7.9158,22
86.86,35.981,7.9158,22
86.91,35.981,7.9158,22
86.96,35.981,7.9158,22
87.011,35.981,7.9158,22
87.061,35.981,7.9158,22
87.112,35.981,7.9158,22
87.161,35.981,7.9158,22
87.211,35.981,7.9158,22
87.261,35.981,7.9158,22
87.312,35.981,7.9158,22
87.362,35.981,7.9158,22
87.413,35.981,7.9158,22
87.465,35.981,7.9158,22
87.514,35.981,7.9158,22
87.565,35.981,7.9158,22
87.615,35.981,7.9158,22
87.665,35.981,7.9158,22
87.715,35.981,7.9158,22
87.766,35.981,7.9158,22
87.816,35.981,7.9158,22
87.866,35.981,7.9158,22
87.916,19.053,5.5254,29
87.966,19.053,5.5254,29
88.016,19.053,5.5254,29
88.066,19.053,5.5254,29
88.116,19.053,5.5254,29
88.166,19.053,5.5254,29
88.216,19.053,5.5254,29
88.266,19.053,5.5254,29
88.316,19.053,5.5254,29
88.367,19.053,5.5254,29
88.417,19.053,5.5254,29
88.467,19.053,5.5254,29
88.518,19.053,5.5254,29
88.568,19.053,5.5254,29
88.618,19.053,5.5254,29
88.668,19.053,5.5254,29
88.718,19.053,5.5254,29
88.768,19.053,5.5254,29
88.818,19.053,5.5254,29
88.868,19.053,5.5254,29
88.918,19.053,5.5254,29
88.968,19.053,5.5254,29
89.018,19.053,5.5254,29
89.068,19.053,5.5254,29
89.118,19.053,5.5254,29
89.168,19.053,5.5254,29
89.218,19.053,5.5254,29
89.268,19.053,5.5254,29
89.318,19.053,5.5254,29
89.368,19.053,5.5254,29
89.418,19.053,5.5254,29
89.469,19.053,5.5254,29
89.519,19.053,5.5254,25
89.569,19.053,5.5254,25
89.623,35.529,8.8822,25
89.674,35.529,8.8822,25
89.726,35.529,8.8822,25
89.775,35.529,8.8822,25
89.825,35.529,8.8822,25
89.875,35.529,8.8822,25
89.926,35.529,8.8822,25
89.976,35.529,8.8822,25
90.026,35.529,8.8822,25
90.077,35.529,8.8822,25
90.127,35.529,8.8822,25
90.177,35.529,8.8822,25
90.228,35.529,8.8822,25
90.278,35.529,8.8822,25
90.328,35.529,8.8822,25
90.379,35.529,8.8822,25
90.429,35.529,8.8822,25
90.479,35.529,8.8822,25
90.531,35.529,8.8822,25
90.581,35.529,8.8822,25
90.632,35.529,8.8822,25
90.682,35.529,8.8822,25
90.733,35.529,8.8822,25
90.783,35.529,8.8822,25
90.834,35.529,8.8822,25
90.884,35.529,8.8822,25
90.934,35.529,8.8822,25
90.985,35.529,8.8822,25
91.036,35.529,8.8822,25
91.086,35.529,8.8822,31
91.136,27.285,8.4585,31
91.186,27.285,8.4585,31
91.236,27.285,8.4585,31
91.287,27.285,8.4585,31
91.337,27.285,8.4585,31
91.387,27.285,8.4585,31
91.438,27.285,8.4585,31
91.488,27.285,8.4585,31
91.538,27.285,8.4585,31
91.588,27.285,8.4585,31
91.639,27.285,8.4585,31
91.689,27.285,8.4585,31
91.74,27.285,8.4585,31
91.79,27.285,8.4585,31
91.84,27.285,8.4585,31
91.892,27.285,8.4585,31
91.942,27.285,8.4585,31
91.993,27.285,8.4585,31
92.044,27.285,8.4585,31
92.094,27.285,8.4585,31
92.145,27.285,8.4585,31
92.196,27.285,8.4585,31
92.246,27.285,8.4585,31
92.296,27.285,8.4585,31
92.347,27.285,8.4585,31
92.397,27.285,8.4585,31
92.448,27.285,8.4585,31
92.499,27.285,8.4585,31
92.549,27.285,8.4585,31
92.599,27.285,8.4585,36
92.65,16.189,5.8282,36
92.7,16.189,5.8282,36
92.751,16.189,5.8282,36
92.802,16.189,5.8282,36
92.852,16.189,5.8282,36
92.903,16.189,5.8282,36
92.953,16.189,5.8282,36
93.003,16.189,5.8282,36
93.054,16.189,5.8282,36
93.104,16.189,5.8282,36
93.155,16.189,5.8282,36
93.205,16.189,5.8282,36
93.256,16.189,5.8282,36
93.306,16.189,5.8282,36
93.356,16.189,5.8282,36
93.407,16.189,5.8282,36
93.457,16.189,5.8282,36
93.509,16.189,5.8282,36
93.564,16.189,5.8282,36
93.608,16.189,5.8282,36
93.659,16.189,5.8282,36
93.71,16.189,5.8282,36
93.76,16.189,5.8282,36
93.811,16.189,5.8282,36
93.861,16.189,5.8282,36
93.911,16.189,5.8282,36
93.963,16.189,5.8282,36
94.013,16.189,5.8282,36
94.064,16.189,5.8282,36
94.115,16.189,5.8282,36
94.166,16.189,5.8282,23
94.216,25.204,5.797,23
94.267,25.204,5.797,23
94.317,25.204,5.797,23
94.367,25.204,5.797,23
94.417,25.204,5.797,23
94.468,25.204,5.797,23
94.518,25.204,5.797,23
94.569,25.204,5.797,23
94.621,25.204,5.797,23
94.671,25.204,5.797,23
94.721,25.204,5.797,23
94.772,25.204,5.797,23
94.822,25.204,5.797,23
94.873,25.204,5.797,23
94.924,25.204,5.797,23
94.974,25.204,5.797,23
95.025,25.204,5.797,23
95.075,25.204,5.797,23
95.126,25.204,5.797,23
95.176,25.204,5.797,23
95.227,25.204,5.797,23
95.278,25.204,5.797,23
95.329,25.204,5.797,23
95.379,25.204,5.797,23
95.429,25.204,5.797,23
95.479,25.204,5.797,23
95.529,25.204,5.797,23
95.58,25.204,5.797,23
95.631,25.204,5.797,23
95.681,25.204,5.797,23
95.732,25.204,5.797,23
95.782,25.204,5.797,23
95.833,25.204,5.797,28
95.884,19.668,5.507,28
95.935,19.668,5.507,28
95.986,19.668,5.507,28
96.036,19.668,5.507,28
96.088,19.668,5.507,28
96.137,19.668,5.507,28
96.188,19.668,5.507,28
96.237,19.668,5.507,28
96.288,19.668,5.507,28
96.338,19.668,5.507,28
96.388,19.668,5.507,28
96.439,19.668,5.507,28
96.489,19.668,5.507,28
96.539,19.668,5.507,28
96.59,19.668,5.507,28
96.64,19.668,5.507,28
96.69,19.668,5.507,28
96.742,19.668,5.507,28
96.793,19.668,5.507,28
96.844,19.668,5.507,28
96.894,19.668,5.507,28
96.945,19.668,5.507,28
96.996,19.668,5.507,28
97.046,19.668,5.507,28
97.096,19.668,5.507,28
97.148,19.668,5.507,28
97.199,19.668,5.507,28
97.249,19.668,5.507,28
97.3,19.668,5.507,35
97.351,19.668,5.507,35
97.401,14.172,4.9604,35
97.453,14.172,4.9604,35
97.504,14.172,4.9604,35
97.554,14.172,4.9604,35
97.605,14.172,4.9604,35
97.655,14.172,4.9604,35
97.706,14.172,4.9604,35
97.756,14.172,4.9604,35
97.807,14.172,4.9604,35
97.857,14.172,4.9604,35
97.908,14.172,4.9604,35
97.958,14.172,4.9604,35
98.009,14.172,4.9604,35
98.06,14.172,4.9604,35
98.11,14.172,4.9604,35
98.16,14.172,4.9604,35
98.211,14.172,4.9604,35
98.262,14.172,4.9604,35
98.312,14.172,4.9604,35
98.363,14.172,4.9604,35
98.413,14.172,4.9604,35
98.464,14.172,4.9604,35
98.514,14.172,4.9604,35
98.564,14.172,4.9604,35
98.614,14.172,4.9604,35
98.665,14.172,4.9604,35
98.716,14.172,4.9604,35
98.766,14.172,4.9604,35
98.816,14.172,4.9604,35
98.867,14.172,4.9604,24
98.919,21.321,5.117,24
98.969,21.321,5.117,24
99.021,21.321,5.117,24
99.072,21.321,5.117,24
99.122,21.321,5.117,24
99.173,21.321,5.117,24
99.223,21.321,5.117,24
99.274,21.321,5.117,24
99.324,21.321,5.117,24
99.375,21.321,5.117,24
99.425,21.321,5.117,24
99.475,21.321,5.117,24
99.525,21.321,5.117,24
99.576,21.321,5.117,24
99.627,21.321,5.117,24
99.677,21.321,5.117,24
99.729,21.321,5.117,24
99.779,21.321,5.117,24
99.829,21.321,5.117,24
99.88,21.321,5.117,24
99.931,21.321,5.117,24
99.982,21.321,5.117,24
100.03,21.321,5.117,24
100.08,21.321,5.117,24
100.13,21.321,5.117,24
100.18,21.321,5.117,24
100.24,21.321,5.117,24
100.29,21.321,5.117,24
100.34,21.321,5.117,24
100.39,21.321,5.117,24
100.44,21.321,5.117,24
100.49,21.321,5.117,16
100.54,22.031,3.5249,16
100.59,22.031,3.5249,16
100.64,22.031,3.5249,16
100.69,22.031,3.5249,16
100.74,22.031,3.5249,16
100.79,22.031,3.5249,16
100.84,22.031,3.5249,16
100.9,22.031,3.5249,16
100.95,22.031,3.5249,16
101,22.031,3.5249,16
101.05,22.031,3.5249,16
101.1,22.031,3.5249,16
101.15,22.031,3.5249,16
101.2,22.031,3.5249,16
101.25,22.031,3.5249,16
101.3,22.031,3.5249,16
101.35,22.031,3.5249,16
101.4,22.031,3.5249,16
101.45,22.031,3.5249,16
101.5,22.031,3.5249,16
101.55,22.031,3.5249,16
101.6,22.031,3.5249,16
101.65,22.031,3.5249,16
101.7,22.031,3.5249,16
101.75,22.031,3.5249,16
101.8,22.031,3.5249,16
101.85,22.031,3.5249,16
101.9,22.031,3.5249,16
101.95,22.031,3.5249,16
102,22.031,3.5249,16
102.05,22.031,3.5249,16
102.1,22.031,3.5249,16
102.15,22.031,3.5249,16
102.2,22.031,3.5249,16
102.25,22.031,3.5249,16
102.3,22.031,3.5249,16
102.36,22.031,3.5249,16
102.41,22.031,3.5249,16
102.46,22.031,3.5249,16
102.51,22.031,3.5249,16
102.56,22.031,3.5249,16
102.61,22.031,3.5249,16
102.66,22.031,3.5249,9
102.71,22.031,3.5249,9
102.76,51.418,4.6277,9
102.81,51.418,4.6277,9
102.86,51.418,4.6277,9
102.91,51.418,4.6277,9
102.96,51.418,4.6277,9
103.01,51.418,4.6277,9
103.06,51.418,4.6277,9
103.11,51.418,4.6277,9
103.16,51.418,4.6277,9
103.21,51.418,4.6277,9
103.26,51.418,4.6277,9
103.31,51.418,4.6277,9
103.36,51.418,4.6277,9
103.41,51.418,4.6277,9
103.46,51.418,4.6277,9
103.52,51.418,4.6277,9
103.57,51.418,4.6277,9
103.62,51.418,4.6277,9
103.67,51.418,4.6277,9
103.72,51.418,4.6277,9
103.77,51.418,4.6277,9
103.82,51.418,4.6277,9
103.87,51.418,4.6277,9
103.92,51.418,4.6277,9
103.97,51.418,4.6277,9
104.02,51.418,4.6277,9
104.07,51.418,4.6277,9
104.12,51.418,4.6277,19
104.17,35.852,6.8119,19
104.22,35.852,6.8119,19
104.27,35.852,6.8119,19
104.32,35.852,6.8119,19
104.37,35.852,6.8119,19
104.42,35.852,6.8119,19
104.48,35.852,6.8119,19
104.53,35.852,6.8119,19
104.58,35.852,6.8119,19
104.63,35.852,6.8119,19
104.68,35.852,6.8119,19
104.73,35.852,6.8119,19
104.78,35.852,6.8119,19
104.83,35.852,6.8119,19
104.88,35.852,6.8119,19
104.93,35.852,6.8119,19
104.98,35.852,6.8119,19
105.03,35.852,6.8119,19
105.08,35.852,6.8119,19
105.13,35.852,6.8119,19
105.18,35.852,6.8119,19
105.23,35.852,6.8119,19
105.28,35.852,6.8119,19
105.33,35.852,6.8119,19
105.38,35.852,6.8119,19
105.43,35.852,6.8119,19
105.48,35.852,6.8119,19
105.53,35.852,6.8119,19
105.58,35.852,6.8119,19
105.64,35.852,6.8119,34
105.69,39.753,13.516,34
105.74,39.753,13.516,34
105.79,39.753,13.516,34
105.84,39.753,13.516,34
105.89,39.753,13.516,34
105.94,39.753,13.516,34
105.99,39.753,13.516,34
106.04,39.753,13.516,34
106.09,39.753,13.516,34
106.14,39.753,13.516,34
106.19,39.753,13.516,34
106.24,39.753,13.516,34
106.29,39.753,13.516,34
106.34,39.753,13.516,34
106.39,39.753,13.516,34
106.45,39.753,13.516,34
106.5,39.753,13.516,34
106.55,39.753,13.516,34
106.6,39.753,13.516,34
106.65,39.753,13.516,34
106.7,39.753,13.516,34
106.75,39.753,13.516,34
106.8,39.753,13.516,34
106.86,39.753,13.516,34
106.9,39.753,13.516,34
106.95,39.753,13.516,34
107,39.753,13.516,37
107.05,39.753,13.516,37
107.1,12.894,4.7709,37
107.15,12.894,4.7709,37
107.2,12.894,4.7709,37
107.25,12.894,4.7709,37
107.3,12.894,4.7709,37
107.35,12.894,4.7709,37
107.4,12.894,4.7709,37
107.45,12.894,4.7709,37
107.51,12.894,4.7709,37
107.56,12.894,4.7709,37
107.61,12.894,4.7709,37
107.66,12.894,4.7709,37
107.71,12.894,4.7709,37
107.76,12.894,4.7709,37
107.81,12.894,4.7709,37
107.86,12.894,4.7709,37
107.91,12.894,4.7709,37
107.96,12.894,4.7709,37
108.01,12.894,4.7709,37
108.06,12.894,4.7709,37
108.11,12.894,4.7709,37
108.16,12.894,4.7709,37
108.21,12.894,4.7709,37
108.26,12.894,4.7709,37
108.31,12.894,4.7709,37
108.36,12.894,4.7709,37
108.41,12.894,4.7709,37
108.46,12.894,4.7709,37
108.51,12.894,4.7709,37
108.56,12.894,4.7709,37
108.61,12.894,4.7709,37
108.66,12.894,4.7709,37
108.71,12.894,4.7709,33
108.76,22.533,7.436,33
108.81,22.533,7.436,33
108.86,22.533,7.436,33
108.91,22.533,7.436,33
108.97,22.533,7.436,33
109.02,22.533,7.436,33
109.07,22.533,7.436,33
109.12,22.533,7.436,33
109.17,22.533,7.436,33
109.22,22.533,7.436,33
109.27,22.533,7.436,33
109.32,22.533,7.436,33
109.37,22.533,7.436,33
109.42,22.533,7.436,33
109.47,22.533,7.436,33
109.52,22.533,7.436,33
109.57,22.533,7.436,33
109.62,22.533,7.436,33
109.67,22.533,7.436,33
109.72,22.533,7.436,33
109.77,22.533,7.436,33
109.82,22.533,7.436,33
109.87,22.533,7.436,33
109.92,22.533,7.436,33
109.97,22.533,7.436,33
110.02,22.533,7.436,33
110.07,22.533,7.436,33
110.12,22.533,7.436,33
110.17,17.18,6.5283,38
110.22,17.18,6.5283,38
110.27,17.18,6.5283,38
110.32,17.18,6.5283,38
110.37,17.18,6.5283,38
110.42,17.18,6.5283,38
110.47,17.18,6.5283,38
110.52,17.18,6.5283,38
110.57,17.18,6.5283,38
110.62,17.18,6.5283,38
110.67,17.18,6.5283,38
110.72,17.18,6.5283,38
110.77,17.18,6.5283,38
110.82,17.18,6.5283,38
110.87,17.18,6.5283,38
110.92,17.18,6.5283,38
110.97,17.18,6.5283,38
111.02,17.18,6.5283,38
111.08,17.18,6.5283,38
111.13,17.18,6.5283,38
111.18,17.18,6.5283,38
111.23,17.18,6.5283,38
111.28,17.18,6.5283,38
111.33,17.18,6.5283,38
111.38,17.18,6.5283,38
111.43,17.18,6.5283,38
111.48,17.18,6.5283,38
111.53,17.18,6.5283,38
111.58,17.18,6.5283,31
111.63,20.085,6.2265,31
111.68,20.085,6.2265,31
111.73,20.085,6.2265,31
111.78,20.085,6.2265,31
111.83,20.085,6.2265,31
111.88,20.085,6.2265,31
111.93,20.085,6.2265,31
111.98,20.085,6.2265,31
112.03,20.085,6.2265,31
112.08,20.085,6.2265,31
112.13,20.085,6.2265,31
112.18,20.085,6.2265,31
112.23,20.085,6.2265,31
112.28,20.085,6.2265,31
112.33,20.085,6.2265,31
112.38,20.085,6.2265,31
112.43,20.085,6.2265,31
112.48,20.085,6.2265,31
112.53,20.085,6.2265,31
112.58,20.085,6.2265,31
112.63,20.085,6.2265,31
112.68,20.085,6.2265,31
112.73,20.085,6.2265,31
112.78,20.085,6.2265,31
112.83,20.085,6.2265,31
112.88,20.085,6.2265,31
112.93,20.085,6.2265,31
112.98,20.085,6.2265,31
113.03,20.085,6.2265,31
113.08,20.085,6.2265,31
113.13,20.085,6.2265,31
113.18,20.085,6.2265,23
113.23,12.885,2.9634,23
113.28,12.885,2.9634,23
113.33,12.885,2.9634,23
113.38,12.885,2.9634,23
113.43,12.885,2.9634,23
113.48,12.885,2.9634,23
113.53,12.885,2.9634,23
113.58,12.885,2.9634,23
113.63,12.885,2.9634,23
113.68,12.885,2.9634,23
113.73,12.885,2.9634,23
113.78,12.885,2.9634,23
113.83,12.885,2.9634,23
113.88,12.885,2.9634,23
113.93,12.885,2.9634,23
113.98,12.885,2.9634,23
114.03,12.885,2.9634,23
114.08,12.885,2.9634,23
114.13,12.885,2.9634,23
114.19,12.885,2.9634,23
114.24,12.885,2.9634,23
114.33,12.885,2.9634,23
114.34,12.885,2.9634,23
114.39,12.885,2.9634,23
114.44,12.885,2.9634,23
114.49,12.885,2.9634,23
114.54,12.885,2.9634,23
114.59,12.885,2.9634,23
114.64,12.885,2.9634,23
114.69,12.885,2.9634,23
114.74,12.885,2.9634,19
114.8,10.354,1.9673,19
114.85,10.354,1.9673,19
114.9,10.354,1.9673,19
114.95,10.354,1.9673,19
115,10.354,1.9673,19
115.05,10.354,1.9673,19
115.1,10.354,1.9673,19
115.15,10.354,1.9673,19
115.2,10.354,1.9673,19
115.25,10.354,1.9673,19
115.3,10.354,1.9673,19
115.35,10.354,1.9673,19
115.4,10.354,1.9673,19
115.45,10.354,1.9673,19
115.5,10.354,1.9673,19
115.55,10.354,1.9673,19
115.6,10.354,1.9673,19
115.65,10.354,1.9673,19
115.7,10.354,1.9673,19
115.75,10.354,1.9673,19
115.8,10.354,1.9673,19
115.85,10.354,1.9673,19
115.9,10.354,1.9673,19
115.96,10.354,1.9673,19
116.01,10.354,1.9673,19
116.06,10.354,1.9673,13
116.11,15.608,2.029,13
116.16,15.608,2.029,13
116.21,15.608,2.029,13
116.26,15.608,2.029,13
116.31,15.608,2.029,13
116.36,15.608,2.029,13
116.41,15.608,2.029,13
116.46,15.608,2.029,13
116.51,15.608,2.029,13
116.56,15.608,2.029,13
116.61,15.608,2.029,13
116.66,15.608,2.029,13
116.71,15.608,2.029,13
116.76,15.608,2.029,13
116.81,15.608,2.029,13
116.86,15.608,2.029,13
116.91,15.608,2.029,13
117.03,15.608,2.029,13
117.03,15.608,2.029,13
117.06,15.608,2.029,13
117.11,15.608,2.029,13
117.16,15.608,2.029,13
117.21,15.608,2.029,13
117.26,15.608,2.029,13
117.31,15.608,2.029,13
117.36,15.608,2.029,13
117.41,15.608,2.029,13
117.46,15.608,2.029,13
117.51,15.608,2.029,13
117.56,15.608,2.029,13
117.61,15.608,2.029,13
117.66,15.608,2.029,13
117.71,15.608,2.029,2
117.76,15.608,2.029,2
117.81,87.379,1.7476,2
117.86,87.379,1.7476,2
117.91,87.379,1.7476,2
117.96,87.379,1.7476,2
118.02,87.379,1.7476,2
118.07,87.379,1.7476,2
118.12,87.379,1.7476,2
118.17,87.379,1.7476,2
118.22,87.379,1.7476,2
118.27,87.379,1.7476,2
118.32,87.379,1.7476,2
118.37,87.379,1.7476,2
118.42,87.379,1.7476,2
118.47,87.379,1.7476,2
118.52,87.379,1.7476,2
118.57,87.379,1.7476,2
118.62,87.379,1.7476,2
118.67,87.379,1.7476,2
118.72,87.379,1.7476,2
118.77,87.379,1.7476,2
118.82,87.379,1.7476,2
118.87,87.379,1.7476,2
118.93,87.379,1.7476,2
118.98,87.379,1.7476,2
119.03,87.379,1.7476,2
119.08,87.379,1.7476,2
119.13,87.379,1.7476,2
119.18,87.379,1.7476,2
119.23,87.379,1.7476,2
119.28,87.379,1.7476,0
119.33,0,2.0428,0
119.38,0,2.0428,0
119.43,0,2.0428,0
119.48,0,2.0428,0
119.53,0,2.0428,0
119.58,0,2.0428,0
119.63,0,2.0428,0
119.68,0,2.0428,0
119.73,0,2.0428,0
119.78,0,2.0428,0
119.83,0,2.0428,0
119.88,0,2.0428,0
119.93,0,2.0428,0
119.98,0,2.0428,0
120.03,0,2.0428,0
120.08,0,2.0428,0
120.13,0,2.0428,0
120.18,0,2.0428,0
120.23,0,2.0428,0
120.28,0,2.0428,0
120.33,0,2.0428,0
120.38,0,2.0428,0
120.43,0,2.0428,0
120.48,0,2.0428,0
120.53,0,2.0428,0
120.58,0,2.0428,0
120.63,0,2.0428,0
120.68,0,2.0428,0
120.73,0,2.0428,13
120.78,0,2.0428,13
120.83,30.122,3.9159,13
120.88,30.122,3.9159,13
120.93,30.122,3.9159,13
120.98,30.122,3.9159,13
121.03,30.122,3.9159,13
121.09,30.122,3.9159,13
121.14,30.122,3.9159,13
121.19,30.122,3.9159,13
121.24,30.122,3.9159,13
121.29,30.122,3.9159,13
121.34,30.122,3.9159,13
121.39,30.122,3.9159,13
121.44,30.122,3.9159,13
121.49,30.122,3.9159,13
121.54,30.122,3.9159,13
121.59,30.122,3.9159,13
121.64,30.122,3.9159,13
121.69,30.122,3.9159,13
121.74,30.122,3.9159,13
121.79,30.122,3.9159,13
121.84,30.122,3.9159,13
121.89,30.122,3.9159,13
121.94,30.122,3.9159,13
121.99,30.122,3.9159,13
122.04,30.122,3.9159,13
122.09,30.122,3.9159,13
122.14,30.122,3.9159,27
122.19,30.122,3.9159,27
122.25,44.117,11.912,27
122.3,44.117,11.912,27
122.35,44.117,11.912,27
122.4,44.117,11.912,27
122.45,44.117,11.912,27
122.5,44.117,11.912,27
122.55,44.117,11.912,27
122.6,44.117,11.912,27
122.65,44.117,11.912,27
122.7,44.117,11.912,27
122.75,44.117,11.912,27
122.8,44.117,11.912,27
122.85,44.117,11.912,27
122.9,44.117,11.912,27
122.95,44.117,11.912,27
123,44.117,11.912,27
123.05,44.117,11.912,27
123.1,44.117,11.912,27
123.15,44.117,11.912,27
123.21,44.117,11.912,27
123.26,44.117,11.912,27
123.31,44.117,11.912,27
123.36,44.117,11.912,27
123.41,44.117,11.912,27
123.46,44.117,11.912,27
123.51,44.117,11.912,27
123.56,44.117,11.912,27
123.61,44.117,11.912,27
123.66,44.117,11.912,27
123.71,44.117,11.912,27
123.76,44.117,11.912,27
123.81,44.117,11.912,39
123.86,14.921,5.8192,39
123.91,14.921,5.8192,39
123.96,14.921,5.8192,39
124.01,14.921,5.8192,39
124.06,14.921,5.8192,39
124.11,14.921,5.8192,39
124.16,14.921,5.8192,39
124.21,14.921,5.8192,39
124.26,14.921,5.8192,39
124.31,14.921,5.8192,39
124.37,14.921,5.8192,39
124.42,14.921,5.8192,39
124.47,14.921,5.8192,39
124.52,14.921,5.8192,39
124.57,14.921,5.8192,39
124.62,14.921,5.8192,39
124.67,14.921,5.8192,39
124.72,14.921,5.8192,39
124.77,14.921,5.8192,39
124.82,14.921,5.8192,39
124.88,14.921,5.8192,39
124.93,14.921,5.8192,39
124.98,14.921,5.8192,39
125.03,14.921,5.8192,39
125.08,14.921,5.8192,39
125.13,14.921,5.8192,39
125.18,14.921,5.8192,39
125.23,14.921,5.8192,39
125.28,14.921,5.8192,34
125.33,16.988,5.7759,34
125.38,16.988,5.7759,34
125.43,16.988,5.7759,34
125.48,16.988,5.7759,34
125.53,16.988,5.7759,34
125.58,16.988,5.7759,34
125.63,16.988,5.7759,34
125.68,16.988,5.7759,34
125.73,16.988,5.7759,34
125.78,16.988,5.7759,34
125.83,16.988,5.7759,34
125.88,16.988,5.7759,34
125.93,16.988,5.7759,34
125.99,16.988,5.7759,34
126.04,16.988,5.7759,34
126.09,16.988,5.7759,34
126.14,16.988,5.7759,34
126.19,16.988,5.7759,34
126.24,16.988,5.7759,34
126.29,16.988,5.7759,34
126.34,16.988,5.7759,34
126.39,16.988,5.7759,34
126.44,16.988,5.7759,34
126.49,16.988,5.7759,34
126.54,16.988,5.7759,34
126.59,16.988,5.7759,34
126.64,16.988,5.7759,34
126.69,16.988,5.7759,34
126.74,16.988,5.7759,33
126.79,29.382,9.6959,33
126.84,29.382,9.6959,33
126.89,29.382,9.6959,33
126.95,29.382,9.6959,33
127,29.382,9.6959,33
127.05,29.382,9.6959,33
127.1,29.382,9.6959,33
127.15,29.382,9.6959,33
127.2,29.382,9.6959,33
127.25,29.382,9.6959,33
127.3,29.382,9.6959,33
127.35,29.382,9.6959,33
127.4,29.382,9.6959,33
127.45,29.382,9.6959,33
127.5,29.382,9.6959,33
127.55,29.382,9.6959,33
127.6,29.382,9.6959,33
127.65,29.382,9.6959,33
127.7,29.382,9.6959,33
127.76,29.382,9.6959,33
127.81,29.382,9.6959,33
127.86,29.382,9.6959,33
127.91,29.382,9.6959,33
127.96,29.382,9.6959,33
128.01,29.382,9.6959,33
128.06,29.382,9.6959,33
128.11,29.382,9.6959,34
128.16,11.761,3.9989,34
128.21,11.761,3.9989,34
128.26,11.761,3.9989,34
128.31,11.761,3.9989,34
128.36,11.761,3.9989,34
128.42,11.761,3.9989,34
128.47,11.761,3.9989,34
128.52,11.761,3.9989,34
128.57,11.761,3.9989,34
128.62,11.761,3.9989,34
128.67,11.761,3.9989,34
128.72,11.761,3.9989,34
128.77,11.761,3.9989,34
128.82,11.761,3.9989,34
128.87,11.761,3.9989,34
128.92,11.761,3.9989,34
128.97,11.761,3.9989,34
129.02,11.761,3.9989,34
129.07,11.761,3.9989,34
129.12,11.761,3.9989,34
129.17,11.761,3.9989,34
129.22,11.761,3.9989,34
129.27,11.761,3.9989,34
129.32,11.761,3.9989,34
129.37,11.761,3.9989,34
129.42,11.761,3.9989,34
129.47,11.761,3.9989,34
129.52,11.761,3.9989,33
129.57,30.433,10.043,33
129.62,30.433,10.043,33
129.67,30.433,10.043,33
129.72,30.433,10.043,33
129.77,30.433,10.043,33
129.82,30.433,10.043,33
129.88,30.433,10.043,33
129.93,30.433,10.043,33
129.98,30.433,10.043,33
130.03,30.433,10.043,33
130.08,30.433,10.043,33
130.13,30.433,10.043,33
130.18,30.433,10.043,33
130.23,30.433,10.043,33
130.28,30.433,10.043,33
130.33,30.433,10.043,33
130.38,30.433,10.043,33
130.43,30.433,10.043,33
130.48,30.433,10.043,33
130.53,30.433,10.043,33
130.58,30.433,10.043,33
130.63,30.433,10.043,33
130.68,30.433,10.043,33
130.73,30.433,10.043,33
130.78,30.433,10.043,33
130.83,30.433,10.043,33
130.88,17.538,4.9107,28
130.93,17.538,4.9107,28
130.98,17.538,4.9107,28
131.03,17.538,4.9107,28
131.08,17.538,4.9107,28
131.13,17.538,4.9107,28
131.18,17.538,4.9107,28
131.23,17.538,4.9107,28
131.28,17.538,4.9107,28
131.33,17.538,4.9107,28
131.38,17.538,4.9107,28
131.43,17.538,4.9107,28
131.48,17.538,4.9107,28
131.54,17.538,4.9107,28
131.59,17.538,4.9107,28
131.64,17.538,4.9107,28
131.69,17.538,4.9107,28
131.74,17.538,4.9107,28
131.79,17.538,4.9107,28
131.84,17.538,4.9107,28
131.89,17.538,4.9107,28
131.94,17.538,4.9107,28
131.99,17.538,4.9107,28
132.04,17.538,4.9107,28
132.09,17.538,4.9107,28
132.14,17.538,4.9107,28
132.19,17.538,4.9107,28
132.24,17.538,4.9107,28
132.29,17.538,4.9107,28
132.34,17.538,4.9107,28
132.39,17.538,4.9107,28
132.44,17.538,4.9107,28
132.49,17.538,4.9107,28
132.54,17.538,4.9107,28
132.59,17.538,4.9107,28
132.64,17.538,4.9107,28
132.69,17.538,4.9107,28
132.74,17.538,4.9107,28
132.8,17.538,4.9107,28
132.85,17.538,4.9107,28
132.9,17.538,4.9107,9
132.95,35.541,3.1987,9
133,35.541,3.1987,9
133.05,35.541,3.1987,9
133.1,35.541,3.1987,9
133.15,35.541,3.1987,9
133.2,35.541,3.1987,9
133.25,35.541,3.1987,9
133.3,35.541,3.1987,9
133.36,35.541,3.1987,9
133.41,35.541,3.1987,9
133.46,35.541,3.1987,9
133.51,35.541,3.1987,9
133.56,35.541,3.1987,9
133.61,35.541,3.1987,9
133.66,35.541,3.1987,9
133.71,35.541,3.1987,9
133.76,35.541,3.1987,9
133.81,35.541,3.1987,9
133.86,35.541,3.1987,9
133.91,35.541,3.1987,9
133.96,35.541,3.1987,9
134.01,35.541,3.1987,9
134.06,35.541,3.1987,9
134.11,35.541,3.1987,9
134.17,35.541,3.1987,9
134.22,35.541,3.1987,2
134.27,119.75,2.3951,2
134.32,119.75,2.3951,2
134.37,119.75,2.3951,2
134.42,119.75,2.3951,2
134.47,119.75,2.3951,2
134.52,119.75,2.3951,2
134.57,119.75,2.3951,2
134.62,119.75,2.3951,2
134.67,119.75,2.3951,2
134.72,119.75,2.3951,2
134.77,119.75,2.3951,2
134.82,119.75,2.3951,2
134.87,119.75,2.3951,2
134.92,119.75,2.3951,2
134.97,119.75,2.3951,2
135.03,119.75,2.3951,2
135.08,119.75,2.3951,2
135.13,119.75,2.3951,2
135.18,119.75,2.3951,2
135.23,119.75,2.3951,2
135.28,119.75,2.3951,2
135.33,119.75,2.3951,2
135.38,119.75,2.3951,2
135.43,119.75,2.3951,2
135.48,119.75,2.3951,2
135.53,119.75,2.3951,2
135.58,119.75,2.3951,2
135.63,119.75,2.3951,2
135.68,119.75,2.3951,2
135.73,119.75,2.3951,2
135.78,0,1.8615,0
135.83,0,1.8615,0
135.88,0,1.8615,0
135.94,0,1.8615,0
135.99,0,1.8615,0
136.04,0,1.8615,0
136.09,0,1.8615,0
136.14,0,1.8615,0
136.19,0,1.8615,0
136.24,0,1.8615,0
136.29,0,1.8615,0
136.34,0,1.8615,0
136.39,0,1.8615,0
136.44,0,1.8615,0
136.49,0,1.8615,0
136.54,0,1.8615,0
136.59,0,1.8615,0
136.64,0,1.8615,0
136.69,0,1.8615,0
136.74,0,1.8615,0
136.79,0,1.8615,0
136.84,0,1.8615,0
136.9,0,1.8615,0
136.95,0,1.8615,0
137,0,1.8615,0
137.05,0,1.8615,0
137.1,0,1.8615,11
137.16,35.688,3.9257,11
137.2,35.688,3.9257,11
137.26,35.688,3.9257,11
137.31,35.688,3.9257,11
137.36,35.688,3.9257,11
137.41,35.688,3.9257,11
137.46,35.688,3.9257,11
137.51,35.688,3.9257,11
137.56,35.688,3.9257,11
137.61,35.688,3.9257,11
137.66,35.688,3.9257,11
137.71,35.688,3.9257,11
137.76,35.688,3.9257,11
137.81,35.688,3.9257,11
137.86,35.688,3.9257,11
137.91,35.688,3.9257,11
137.96,35.688,3.9257,11
138.01,35.688,3.9257,11
138.06,35.688,3.9257,11
138.11,35.688,3.9257,11
138.16,35.688,3.9257,11
138.22,35.688,3.9257,11
138.27,35.688,3.9257,11
138.32,35.688,3.9257,11
138.37,35.688,3.9257,11
138.42,35.688,3.9257,11
138.47,35.688,3.9257,11
138.52,35.688,3.9257,11
138.57,55.398,14.404,26
138.62,55.398,14.404,26
138.67,55.398,14.404,26
138.72,55.398,14.404,26
138.77,55.398,14.404,26
138.82,55.398,14.404,26
138.87,55.398,14.404,26
138.92,55.398,14.404,26
138.97,55.398,14.404,26
139.02,55.398,14.404,26
139.07,55.398,14.404,26
139.12,55.398,14.404,26
139.17,55.398,14.404,26
139.22,55.398,14.404,26
139.27,55.398,14.404,26
139.32,55.398,14.404,26
139.37,55.398,14.404,26
139.42,55.398,14.404,26
139.48,55.398,14.404,26
139.53,55.398,14.404,26
139.58,55.398,14.404,26
139.63,55.398,14.404,26
139.68,55.398,14.404,26
139.73,55.398,14.404,26
139.78,55.398,14.404,26
139.83,55.398,14.404,26
139.88,55.398,14.404,26
139.93,55.398,14.404,26
139.98,55.398,14.404,26
140.03,55.398,14.404,26
140.08,55.398,14.404,41
140.13,55.398,14.404,41
140.18,25.473,10.444,41
140.23,25.473,10.444,41
140.28,25.473,10.444,41
140.33,25.473,10.444,41
140.38,25.473,10.444,41
140.44,25.473,10.444,41
140.49,25.473,10.444,41
140.54,25.473,10.444,41
140.59,25.473,10.444,41
140.64,25.473,10.444,41
140.69,25.473,10.444,41
140.74,25.473,10.444,41
140.79,25.473,10.444,41
140.84,25.473,10.444,41
140.89,25.473,10.444,41
140.94,25.473,10.444,41
140.99,25.473,10.444,41
141.04,25.473,10.444,41
141.09,25.473,10.444,41
141.14,25.473,10.444,41
141.19,25.473,10.444,41
141.24,25.473,10.444,41
141.29,25.473,10.444,41
141.35,25.473,10.444,41
141.4,25.473,10.444,41
141.45,25.473,10.444,41
141.5,25.473,10.444,41
141.55,25.473,10.444,40
141.6,13.968,5.5873,40
141.65,13.968,5.5873,40
141.7,13.968,5.5873,40
141.75,13.968,5.5873,40
141.8,13.968,5.5873,40
141.85,13.968,5.5873,40
141.9,13.968,5.5873,40
141.95,13.968,5.5873,40
142,13.968,5.5873,40
142.05,13.968,5.5873,40
142.1,13.968,5.5873,40
142.15,13.968,5.5873,40
142.2,13.968,5.5873,40
142.25,13.968,5.5873,40
142.3,13.968,5.5873,40
142.35,13.968,5.5873,40
142.4,13.968,5.5873,40
142.45,13.968,5.5873,40
142.5,13.968,5.5873,40
142.55,13.968,5.5873,40
142.6,13.968,5.5873,40
142.65,13.968,5.5873,40
142.7,13.968,5.5873,40
142.75,13.968,5.5873,40
142.8,13.968,5.5873,40
142.85,13.968,5.5873,40
142.9,13.968,5.5873,40
142.95,13.968,5.5873,40
143,13.968,5.5873,40
143.06,13.968,5.5873,40
143.11,13.968,5.5873,40
143.16,13.968,5.5873,35
143.21,12.33,4.3156,35
143.26,12.33,4.3156,35
143.31,12.33,4.3156,35
143.36,12.33,4.3156,35
143.41,12.33,4.3156,35
143.46,12.33,4.3156,35
143.51,12.33,4.3156,35
143.56,12.33,4.3156,35
143.61,12.33,4.3156,35
143.66,12.33,4.3156,35
143.71,12.33,4.3156,35
143.76,12.33,4.3156,35
143.81,12.33,4.3156,35
143.87,12.33,4.3156,35
143.92,12.33,4.3156,35
143.97,12.33,4.3156,35
144.02,12.33,4.3156,35
144.07,12.33,4.3156,35
144.12,12.33,4.3156,35
144.17,12.33,4.3156,35
144.22,12.33,4.3156,35
144.34,12.33,4.3156,35
144.34,12.33,4.3156,35
144.38,12.33,4.3156,35
144.43,12.33,4.3156,35
144.48,12.33,4.3156,35
144.53,12.33,4.3156,35
144.58,12.33,4.3156,35
144.63,12.33,4.3156,35
144.69,12.33,4.3156,35
144.74,12.33,4.3156,35
144.79,12.33,4.3156,35
144.84,12.33,4.3156,38
144.89,12.33,4.3156,38
144.94,8.5191,3.2373,38
144.99,8.5191,3.2373,38
145.04,8.5191,3.2373,38
145.09,8.5191,3.2373,38
145.14,8.5191,3.2373,38
145.19,8.5191,3.2373,38
145.24,8.5191,3.2373,38
145.29,8.5191,3.2373,38
145.34,8.5191,3.2373,38
145.39,8.5191,3.2373,38
145.44,8.5191,3.2373,38
145.49,8.5191,3.2373,38
145.54,8.5191,3.2373,38
145.59,8.5191,3.2373,38
145.64,8.5191,3.2373,38
145.69,8.5191,3.2373,38
145.74,8.5191,3.2373,38
145.79,8.5191,3.2373,38
145.84,8.5191,3.2373,38
145.89,8.5191,3.2373,38
145.94,8.5191,3.2373,38
145.99,8.5191,3.2373,38
146.04,8.5191,3.2373,38
146.09,8.5191,3.2373,38
146.14,8.5191,3.2373,38
146.19,8.5191,3.2373,38
146.24,8.5191,3.2373,38
146.29,8.5191,3.2373,33
146.35,12.395,4.0905,33
146.4,12.395,4.0905,33
146.45,12.395,4.0905,33
146.5,12.395,4.0905,33
146.55,12.395,4.0905,33
146.6,12.395,4.0905,33
146.65,12.395,4.0905,33
146.7,12.395,4.0905,33
146.75,12.395,4.0905,33
146.8,12.395,4.0905,33
146.85,12.395,4.0905,33
146.9,12.395,4.0905,33
146.95,12.395,4.0905,33
147,12.395,4.0905,33
147.05,12.395,4.0905,33
147.11,12.395,4.0905,33
147.16,12.395,4.0905,33
147.21,12.395,4.0905,33
147.26,12.395,4.0905,33
147.31,12.395,4.0905,33
147.36,12.395,4.0905,33
147.41,12.395,4.0905,33
147.46,12.395,4.0905,33
147.51,12.395,4.0905,33
147.56,12.395,4.0905,33
147.61,12.395,4.0905,33
147.66,12.395,4.0905,33
147.71,12.395,4.0905,33
147.76,12.395,4.0905,33
147.81,12.395,4.0905,33
147.86,12.395,4.0905,21
147.91,16.539,3.4731,21
147.96,16.539,3.4731,21
148.01,16.539,3.4731,21
148.06,16.539,3.4731,21
148.11,16.539,3.4731,21
148.16,16.539,3.4731,21
148.21,16.539,3.4731,21
148.26,16.539,3.4731,21
148.31,16.539,3.4731,21
148.36,16.539,3.4731,21
148.41,16.539,3.4731,21
148.46,16.539,3.4731,21
148.52,16.539,3.4731,21
148.57,16.539,3.4731,21
148.62,16.539,3.4731,21
148.67,16.539,3.4731,21
148.72,16.539,3.4731,21
148.77,16.539,3.4731,21
148.82,16.539,3.4731,21
148.87,16.539,3.4731,21
148.92,16.539,3.4731,21
148.97,16.539,3.4731,21
149.02,16.539,3.4731,21
149.07,16.539,3.4731,21
149.13,16.539,3.4731,21
149.18,16.539,3.4731,21
149.23,16.539,3.4731,21
149.28,16.539,3.4731,21
149.33,25.924,2.3332,9
149.38,25.924,2.3332,9
149.43,25.924,2.3332,9
149.48,25.924,2.3332,9
149.53,25.924,2.3332,9
149.58,25.924,2.3332,9
149.63,25.924,2.3332,9
149.68,25.924,2.3332,9
149.73,25.924,2.3332,9
149.79,25.924,2.3332,9
149.84,25.924,2.3332,9
149.89,25.924,2.3332,9
149.94,25.924,2.3332,9
149.99,25.924,2.3332,9
150.04,25.924,2.3332,9
150.09,25.924,2.3332,9
150.14,25.924,2.3332,9
150.19,25.924,2.3332,9
150.24,25.924,2.3332,9
150.29,25.924,2.3332,9
150.34,25.924,2.3332,9
150.39,25.924,2.3332,9
150.44,25.924,2.3332,9
150.49,25.924,2.3332,9
150.54,25.924,2.3332,9
150.59,25.924,2.3332,9
150.64,25.924,2.3332,9
150.69,25.924,2.3332,9
150.74,25.924,2.3332,9
150.79,25.924,2.3332,9
150.84,25.924,2.3332,9
150.89,25.924,2.3332,1
150.94,228.97,2.2897,1
150.99,228.97,2.2897,1
151.04,228.97,2.2897,1
151.09,228.97,2.2897,1
151.14,228.97,2.2897,1
151.19,228.97,2.2897,1
151.24,228.97,2.2897,1
151.29,228.97,2.2897,1
151.34,228.97,2.2897,1
151.39,228.97,2.2897,1
151.44,228.97,2.2897,1
151.49,228.97,2.2897,1
151.54,228.97,2.2897,1
151.6,228.97,2.2897,1
151.65,228.97,2.2897,1
151.7,228.97,2.2897,1
151.75,228.97,2.2897,1
151.8,228.97,2.2897,1
151.85,228.97,2.2897,1
151.9,228.97,2.2897,1
151.95,228.97,2.2897,1
152,228.97,2.2897,1
152.05,228.97,2.2897,1
152.1,228.97,2.2897,1
152.15,228.97,2.2897,1
152.2,228.97,2.2897,1
152.25,228.97,2.2897,1
152.3,228.97,2.2897,1
152.35,41.755,3.7579,9
152.4,41.755,3.7579,9
152.45,41.755,3.7579,9
152.5,41.755,3.7579,9
152.55,41.755,3.7579,9
152.6,41.755,3.7579,9
152.65,41.755,3.7579,9
152.7,41.755,3.7579,9
152.75,41.755,3.7579,9
152.8,41.755,3.7579,9
152.85,41.755,3.7579,9
152.9,41.755,3.7579,9
152.95,41.755,3.7579,9
153,41.755,3.7579,9
153.05,41.755,3.7579,9
153.1,41.755,3.7579,9
153.15,41.755,3.7579,9
153.2,41.755,3.7579,9
153.25,41.755,3.7579,9
153.3,41.755,3.7579,9
153.36,41.755,3.7579,9
153.41,41.755,3.7579,9
153.46,41.755,3.7579,9
153.51,41.755,3.7579,9
153.56,41.755,3.7579,9
153.61,41.755,3.7579,9
153.66,41.755,3.7579,9
153.71,41.755,3.7579,24
153.76,47.209,11.33,24
153.81,47.209,11.33,24
153.86,47.209,11.33,24
153.91,47.209,11.33,24
153.96,47.209,11.33,24
154.01,47.209,11.33,24
154.06,47.209,11.33,24
154.11,47.209,11.33,24
154.16,47.209,11.33,24
154.21,47.209,11.33,24
154.27,47.209,11.33,24
154.32,47.209,11.33,24
154.37,47.209,11.33,24
154.42,47.209,11.33,24
154.47,47.209,11.33,24
154.52,47.209,11.33,24
154.57,47.209,11.33,24
154.62,47.209,11.33,24
154.67,47.209,11.33,24
154.72,47.209,11.33,24
154.77,47.209,11.33,24
154.82,47.209,11.33,24
154.87,47.209,11.33,24
154.92,47.209,11.33,24
154.97,47.209,11.33,24
155.02,47.209,11.33,24
155.07,47.209,11.33,24
155.12,47.209,11.33,24
155.17,47.209,11.33,32
155.22,46.952,15.025,32
155.27,46.952,15.025,32
155.32,46.952,15.025,32
155.37,46.952,15.025,32
155.42,46.952,15.025,32
155.47,46.952,15.025,32
155.52,46.952,15.025,32
155.57,46.952,15.025,32
155.62,46.952,15.025,32
155.67,46.952,15.025,32
155.72,46.952,15.025,32
155.77,46.952,15.025,32
155.82,46.952,15.025,32
155.87,46.952,15.025,32
155.92,46.952,15.025,32
155.97,46.952,15.025,32
156.02,46.952,15.025,32
156.07,46.952,15.025,32
156.12,46.952,15.025,32
156.17,46.952,15.025,32
156.22,46.952,15.025,32
156.27,46.952,15.025,32
156.32,46.952,15.025,32
156.38,46.952,15.025,32
156.43,46.952,15.025,32
156.48,46.952,15.025,32
156.52,46.952,15.025,32
156.58,46.952,15.025,32
156.63,46.952,15.025,36
156.68,11.672,4.2018,36
156.73,11.672,4.2018,36
156.78,11.672,4.2018,36
156.83,11.672,4.2018,36
156.88,11.672,4.2018,36
156.93,11.672,4.2018,36
156.98,11.672,4.2018,36
157.03,11.672,4.2018,36
157.08,11.672,4.2018,36
157.13,11.672,4.2018,36
157.18,11.672,4.2018,36
157.23,11.672,4.2018,36
157.28,11.672,4.2018,36
157.33,11.672,4.2018,36
157.38,11.672,4.2018,36
157.43,11.672,4.2018,36
157.48,11.672,4.2018,36
157.53,11.672,4.2018,36
157.58,11.672,4.2018,36
157.63,11.672,4.2018,36
157.68,11.672,4.2018,36
157.73,11.672,4.2018,36
157.78,11.672,4.2018,36
157.83,11.672,4.2018,36
157.88,11.672,4.2018,36
157.93,11.672,4.2018,36
157.98,11.672,4.2018,36
158.03,11.672,4.2018,36
158.09,11.389,3.7582,33
158.14,11.389,3.7582,33
158.19,11.389,3.7582,33
158.24,11.389,3.7582,33
158.29,11.389,3.7582,33
158.34,11.389,3.7582,33
158.39,11.389,3.7582,33
158.44,11.389,3.7582,33
158.49,11.389,3.7582,33
158.54,11.389,3.7582,33
158.59,11.389,3.7582,33
158.64,11.389,3.7582,33
158.69,11.389,3.7582,33
158.74,11.389,3.7582,33
158.79,11.389,3.7582,33
158.84,11.389,3.7582,33
158.89,11.389,3.7582,33
158.94,11.389,3.7582,33
158.99,11.389,3.7582,33
159.04,11.389,3.7582,33
159.09,11.389,3.7582,33
159.14,11.389,3.7582,33
159.19,11.389,3.7582,33
159.24,11.389,3.7582,33
159.29,11.389,3.7582,33
159.34,11.389,3.7582,33
159.39,11.389,3.7582,33
159.44,11.389,3.7582,33
159.49,11.389,3.7582,33
159.54,11.389,3.7582,33
159.59,6.9597,2.0879,30
159.64,6.9597,2.0879,30
159.69,6.9597,2.0879,30
159.74,6.9597,2.0879,30
159.79,6.9597,2.0879,30
159.84,6.9597,2.0879,30
159.89,6.9597,2.0879,30
159.94,6.9597,2.0879,30
159.99,6.9597,2.0879,30
160.04,6.9597,2.0879,30
160.09,6.9597,2.0879,30
160.14,6.9597,2.0879,30
160.19,6.9597,2.0879,30
160.24,6.9597,2.0879,30
160.29,6.9597,2.0879,30
160.34,6.9597,2.0879,30
160.39,6.9597,2.0879,30
160.44,6.9597,2.0879,30
160.49,6.9597,2.0879,30
160.54,6.9597,2.0879,30
160.59,6.9597,2.0879,30
160.65,6.9597,2.0879,30
160.7,6.9597,2.0879,30
160.75,6.9597,2.0879,30
160.8,6.9597,2.0879,30
160.85,6.9597,2.0879,30
160.9,6.9597,2.0879,30
160.95,6.9597,2.0879,28
161,21.192,5.9338,28
161.05,21.192,5.9338,28
161.1,21.192,5.9338,28
161.15,21.192,5.9338,28
161.2,21.192,5.9338,28
161.25,21.192,5.9338,28
161.3,21.192,5.9338,28
161.35,21.192,5.9338,28
161.4,21.192,5.9338,28
161.46,21.192,5.9338,28
161.51,21.192,5.9338,28
161.56,21.192,5.9338,28
161.61,21.192,5.9338,28
161.66,21.192,5.9338,28
161.71,21.192,5.9338,28
161.76,21.192,5.9338,28
161.81,21.192,5.9338,28
161.86,21.192,5.9338,28
161.91,21.192,5.9338,28
161.96,21.192,5.9338,28
162.01,21.192,5.9338,28
162.06,21.192,5.9338,28
162.11,21.192,5.9338,28
162.16,21.192,5.9338,28
162.21,21.192,5.9338,28
162.26,21.192,5.9338,28
162.31,21.192,5.9338,28
162.36,21.192,5.9338,28
162.41,21.192,5.9338,28
162.46,21.192,5.9338,28
162.51,21.192,5.9338,28
162.56,21.192,5.9338,28
162.61,21.192,5.9338,28
162.66,21.192,5.9338,28
162.71,21.192,5.9338,28
162.76,21.192,5.9338,28
162.81,21.192,5.9338,28
162.86,21.192,5.9338,28
162.91,21.192,5.9338,25
162.96,14.362,3.5904,25
163.01,14.362,3.5904,25
163.06,14.362,3.5904,25
163.12,14.362,3.5904,25
163.17,14.362,3.5904,25
163.22,14.362,3.5904,25
163.27,14.362,3.5904,25
163.32,14.362,3.5904,25
163.37,14.362,3.5904,25
163.42,14.362,3.5904,25
163.47,14.362,3.5904,25
163.52,14.362,3.5904,25
163.57,14.362,3.5904,25
163.62,14.362,3.5904,25
163.67,14.362,3.5904,25
163.72,14.362,3.5904,25
163.77,14.362,3.5904,25
163.82,14.362,3.5904,25
163.87,14.362,3.5904,25
163.92,14.362,3.5904,25
163.97,14.362,3.5904,25
164.02,14.362,3.5904,25
164.07,14.362,3.5904,25
164.12,14.362,3.5904,25
164.17,14.362,3.5904,25
164.22,14.362,3.5904,25
164.27,14.362,3.5904,17
164.32,21.002,3.5703,17
164.37,21.002,3.5703,17
164.42,21.002,3.5703,17
164.47,21.002,3.5703,17
164.52,21.002,3.5703,17
164.57,21.002,3.5703,17
164.63,21.002,3.5703,17
164.68,21.002,3.5703,17
164.73,21.002,3.5703,17
164.78,21.002,3.5703,17
164.83,21.002,3.5703,17
164.88,21.002,3.5703,17
164.93,21.002,3.5703,17
164.98,21.002,3.5703,17
165.03,21.002,3.5703,17
165.08,21.002,3.5703,17
165.13,21.002,3.5703,17
165.18,21.002,3.5703,17
165.23,21.002,3.5703,17
165.28,21.002,3.5703,17
165.33,21.002,3.5703,17
165.38,21.002,3.5703,17
165.43,21.002,3.5703,17
165.48,21.002,3.5703,17
165.53,21.002,3.5703,17
165.58,21.002,3.5703,9
165.63,24.033,2.163,9
165.68,24.033,2.163,9
165.73,24.033,2.163,9
165.78,24.033,2.163,9
165.83,24.033,2.163,9
165.88,24.033,2.163,9
165.93,24.033,2.163,9
165.98,24.033,2.163,9
166.03,24.033,2.163,9
166.08,24.033,2.163,9
166.13,24.033,2.163,9
166.18,24.033,2.163,9
166.23,24.033,2.163,9
166.28,24.033,2.163,9
166.33,24.033,2.163,9
166.38,24.033,2.163,9
166.43,24.033,2.163,9
166.48,24.033,2.163,9
166.53,24.033,2.163,9
166.59,24.033,2.163,9
166.64,24.033,2.163,9
166.69,24.033,2.163,9
166.74,24.033,2.163,9
166.79,24.033,2.163,9
166.84,24.033,2.163,9
166.89,24.033,2.163,9
166.94,24.033,2.163,9
166.99,24.033,2.163,0
167.04,0,2.1572,0
167.09,0,2.1572,0
167.14,0,2.1572,0
167.19,0,2.1572,0
167.24,0,2.1572,0
167.29,0,2.1572,0
167.34,0,2.1572,0
167.39,0,2.1572,0
167.44,0,2.1572,0
167.49,0,2.1572,0
167.54,0,2.1572,0
167.59,0,2.1572,0
167.65,0,2.1572,0
167.7,0,2.1572,0
167.75,0,2.1572,0
167.8,0,2.1572,0
167.85,0,2.1572,0
167.9,0,2.1572,0
167.95,0,2.1572,0
168,0,2.1572,0
168.05,0,2.1572,0
168.1,0,2.1572,0
168.15,0,2.1572,0
168.2,0,2.1572,0
168.25,0,2.1572,0
168.3,0,2.1572,0
168.35,0,2.1572,0
168.4,0,2.1572,0
168.45,0,2.1572,0
168.5,0,2.1572,0
168.55,0,2.0762,0
168.6,0,2.0762,0
168.65,0,2.0762,0
168.7,0,2.0762,0
168.75,0,2.0762,0
168.8,0,2.0762,0
168.85,0,2.0762,0
168.91,0,2.0762,0
168.96,0,2.0762,0
169.01,0,2.0762,0
169.06,0,2.0762,0
169.11,0,2.0762,0
169.16,0,2.0762,0
169.21,0,2.0762,0
169.26,0,2.0762,0
169.31,0,2.0762,0
169.36,0,2.0762,0
169.41,0,2.0762,0
169.46,0,2.0762,0
169.51,0,2.0762,0
169.56,0,2.0762,0
169.61,0,2.0762,0
169.66,0,2.0762,0
169.71,0,2.0762,0
169.76,0,2.0762,0
169.81,0,2.0762,0
169.86,0,2.0762,0
169.91,0,2.0762,1
169.96,330.05,3.3005,1
170.01,330.05,3.3005,1
170.06,330.05,3.3005,1
170.11,330.05,3.3005,1
170.16,330.05,3.3005,1
170.21,330.05,3.3005,1
170.26,330.05,3.3005,1
170.31,330.05,3.3005,1
170.36,330.05,3.3005,1
170.41,330.05,3.3005,1
170.46,330.05,3.3005,1
170.51,330.05,3.3005,1
170.57,330.05,3.3005,1
170.62,330.05,3.3005,1
170.67,330.05,3.3005,1
170.72,330.05,3.3005,1
170.77,330.05,3.3005,1
170.82,330.05,3.3005,1
170.87,330.05,3.3005,1
170.92,330.05,3.3005,1
170.97,330.05,3.3005,1
171.02,330.05,3.3005,1
171.07,330.05,3.3005,1
171.12,330.05,3.3005,1
171.17,330.05,3.3005,1
171.23,330.05,3.3005,1
171.27,330.05,3.3005,1
171.32,330.05,3.3005,1
171.37,330.05,3.3005,18
171.42,41.542,7.4776,18
171.47,41.542,7.4776,18
171.52,41.542,7.4776,18
171.57,41.542,7.4776,18
171.62,41.542,7.4776,18
171.67,41.542,7.4776,18
171.72,41.542,7.4776,18
171.77,41.542,7.4776,18
171.82,41.542,7.4776,18
171.87,41.542,7.4776,18
171.93,41.542,7.4776,18
171.98,41.542,7.4776,18
172.03,41.542,7.4776,18
172.08,41.542,7.4776,18
172.13,41.542,7.4776,18
172.18,41.542,7.4776,18
172.23,41.542,7.4776,18
172.28,41.542,7.4776,18
172.33,41.542,7.4776,18
172.38,41.542,7.4776,18
172.43,41.542,7.4776,18
172.48,41.542,7.4776,18
172.53,41.542,7.4776,18
172.58,41.542,7.4776,18
172.63,41.542,7.4776,18
172.68,41.542,7.4776,18
172.73,41.542,7.4776,18
172.78,41.542,7.4776,18
172.83,41.542,7.4776,18
172.88,41.542,7.4776,32
172.93,49.037,15.692,32
172.98,49.037,15.692,32
173.03,49.037,15.692,32
173.08,49.037,15.692,32
173.13,49.037,15.692,32
173.18,49.037,15.692,32
173.23,49.037,15.692,32
173.28,49.037,15.692,32
173.33,49.037,15.692,32
173.38,49.037,15.692,32
173.43,49.037,15.692,32
173.48,49.037,15.692,32
173.53,49.037,15.692,32
173.58,49.037,15.692,32
173.63,49.037,15.692,32
173.68,49.037,15.692,32
173.73,49.037,15.692,32
173.78,49.037,15.692,32
173.83,49.037,15.692,32
173.88,49.037,15.692,32
173.93,49.037,15.692,32
173.98,49.037,15.692,32
174.03,49.037,15.692,32
174.13,49.037,15.692,32
174.13,49.037,15.692,32
174.18,49.037,15.692,32
174.23,49.037,15.692,32
174.28,49.037,15.692,32
174.33,49.037,15.692,32
174.38,49.037,15.692,32
174.43,49.037,15.692,32
174.48,49.037,15.692,45
174.53,16.29,7.3307,45
174.58,16.29,7.3307,45
174.63,16.29,7.3307,45
174.68,16.29,7.3307,45
174.74,16.29,7.3307,45
174.79,16.29,7.3307,45
174.84,16.29,7.3307,45
174.89,16.29,7.3307,45
174.94,16.29,7.3307,45
174.99,16.29,7.3307,45
175.04,16.29,7.3307,45
175.09,16.29,7.3307,45
175.14,16.29,7.3307,45
175.19,16.29,7.3307,45
175.24,16.29,7.3307,45
175.29,16.29,7.3307,45
175.34,16.29,7.3307,45
175.39,16.29,7.3307,45
175.44,16.29,7.3307,45
175.49,16.29,7.3307,45
175.54,16.29,7.3307,45
175.59,16.29,7.3307,45
175.64,16.29,7.3307,45
175.69,16.29,7.3307,45
175.74,16.29,7.3307,45
175.79,16.29,7.3307,45
175.84,16.29,7.3307,45
175.89,16.29,7.3307,40
175.94,13.754,5.5016,40
175.99,13.754,5.5016,40
176.04,13.754,5.5016,40
176.09,13.754,5.5016,40
176.14,13.754,5.5016,40
176.2,13.754,5.5016,40
176.25,13.754,5.5016,40
176.3,13.754,5.5016,40
176.35,13.754,5.5016,40
176.4,13.754,5.5016,40
176.45,13.754,5.5016,40
176.5,13.754,5.5016,40
176.55,13.754,5.5016,40
176.6,13.754,5.5016,40
176.65,13.754,5.5016,40
176.7,13.754,5.5016,40
176.75,13.754,5.5016,40
176.8,13.754,5.5016,40
176.85,13.754,5.5016,40
176.9,13.754,5.5016,40
176.95,13.754,5.5016,40
177,13.754,5.5016,40
177.05,13.754,5.5016,40
177.1,13.754,5.5016,40
177.15,13.754,5.5016,40
177.2,13.754,5.5016,40
177.25,13.754,5.5016,40
177.3,13.754,5.5016,40
177.35,13.754,5.5016,40
177.4,13.754,5.5016,40
177.45,13.754,5.5016,40
177.5,13.754,5.5016,40
177.55,13.754,5.5016,40
177.6,13.754,5.5016,40
177.65,21.836,6.5508,30
177.7,21.836,6.5508,30
177.75,21.836,6.5508,30
177.8,21.836,6.5508,30
177.85,21.836,6.5508,30
177.9,21.836,6.5508,30
177.95,21.836,6.5508,30
178,21.836,6.5508,30
178.05,21.836,6.5508,30
178.1,21.836,6.5508,30
178.15,21.836,6.5508,30
178.2,21.836,6.5508,30
178.25,21.836,6.5508,30
178.3,21.836,6.5508,30
178.35,21.836,6.5508,30
178.4,21.836,6.5508,30
178.45,21.836,6.5508,30
178.5,21.836,6.5508,30
178.55,21.836,6.5508,30
178.6,21.836,6.5508,30
178.65,21.836,6.5508,30
178.7,21.836,6.5508,30
178.75,21.836,6.5508,30
178.8,21.836,6.5508,30
178.85,21.836,6.5508,30
178.9,21.836,6.5508,30
178.95,21.836,6.5508,30
179,21.836,6.5508,19
179.05,21.836,6.5508,19
179.1,15.73,2.9888,19
179.15,15.73,2.9888,19
179.2,15.73,2.9888,19
179.25,15.73,2.9888,19
179.3,15.73,2.9888,19
179.35,15.73,2.9888,19
179.41,15.73,2.9888,19
179.46,15.73,2.9888,19
179.51,15.73,2.9888,19
179.56,15.73,2.9888,19
179.61,15.73,2.9888,19
179.66,15.73,2.9888,19
179.71,15.73,2.9888,19
179.76,15.73,2.9888,19
179.81,15.73,2.9888,19
179.86,15.73,2.9888,19
179.91,15.73,2.9888,19
179.96,15.73,2.9888,19
180.01,15.73,2.9888,19
180.06,15.73,2.9888,19
180.11,15.73,2.9888,19
180.16,15.73,2.9888,19
180.21,15.73,2.9888,19
180.26,15.73,2.9888,19
180.31,15.73,2.9888,19
180.36,15.73,2.9888,19
180.41,15.73,2.9888,19
180.46,15.73,2.9888,19
180.51,15.73,2.9888,19
180.56,15.73,2.9888,19
180.61,15.73,2.9888,22
180.66,15.73,2.9888,22
180.71,19.437,4.2762,22
180.76,19.437,4.2762,22
180.81,19.437,4.2762,22
180.86,19.437,4.2762,22
180.91,19.437,4.2762,22
180.96,19.437,4.2762,22
181.01,19.437,4.2762,22
181.06,19.437,4.2762,22
181.11,19.437,4.2762,22
181.16,19.437,4.2762,22
181.21,19.437,4.2762,22
181.26,19.437,4.2762,22
181.31,19.437,4.2762,22
181.37,19.437,4.2762,22
181.41,19.437,4.2762,22
181.46,19.437,4.2762,22
181.51,19.437,4.2762,22
181.56,19.437,4.2762,22
181.61,19.437,4.2762,22
181.66,19.437,4.2762,22
181.71,19.437,4.2762,22
181.76,19.437,4.2762,22
181.81,19.437,4.2762,22
181.86,19.437,4.2762,22
181.91,19.437,4.2762,22
181.97,19.437,4.2762,22
182.02,19.437,4.2762,22
182.07,19.437,4.2762,32
182.12,16.027,5.1287,32
182.17,16.027,5.1287,32
182.22,16.027,5.1287,32
182.27,16.027,5.1287,32
182.32,16.027,5.1287,32
182.37,16.027,5.1287,32
182.42,16.027,5.1287,32
182.47,16.027,5.1287,32
182.52,16.027,5.1287,32
182.57,16.027,5.1287,32
182.62,16.027,5.1287,32
182.67,16.027,5.1287,32
182.72,16.027,5.1287,32
182.77,16.027,5.1287,32
182.82,16.027,5.1287,32
182.87,16.027,5.1287,32
182.92,16.027,5.1287,32
182.97,16.027,5.1287,32
183.02,16.027,5.1287,32
183.07,16.027,5.1287,32
183.12,16.027,5.1287,32
183.17,16.027,5.1287,32
183.22,16.027,5.1287,32
183.27,16.027,5.1287,32
183.32,16.027,5.1287,32
183.37,16.027,5.1287,32
183.42,16.027,5.1287,32
183.47,16.027,5.1287,32
183.52,16.027,5.1287,32
183.57,16.027,5.1287,32
183.62,16.027,5.1287,32
183.67,16.027,5.1287,32
183.72,16.027,5.1287,16
183.77,41.162,6.5859,16
183.82,41.162,6.5859,16
183.87,41.162,6.5859,16
183.92,41.162,6.5859,16
183.97,41.162,6.5859,16
184.02,41.162,6.5859,16
184.07,41.162,6.5859,16
184.13,41.162,6.5859,16
184.18,41.162,6.5859,16
184.24,41.162,6.5859,16
184.28,41.162,6.5859,16
184.33,41.162,6.5859,16
184.38,41.162,6.5859,16
184.43,41.162,6.5859,16
184.48,41.162,6.5859,16
184.53,41.162,6.5859,16
184.58,41.162,6.5859,16
184.63,41.162,6.5859,16
184.69,41.162,6.5859,16
184.74,41.162,6.5859,16
184.79,41.162,6.5859,16
184.84,41.162,6.5859,16
184.89,41.162,6.5859,16
184.94,41.162,6.5859,16
184.99,41.162,6.5859,16
185.04,41.162,6.5859,16
185.09,41.162,6.5859,4
185.14,57.696,2.3078,4
185.19,57.696,2.3078,4
185.24,57.696,2.3078,4
185.29,57.696,2.3078,4
185.34,57.696,2.3078,4
185.39,57.696,2.3078,4
185.45,57.696,2.3078,4
185.5,57.696,2.3078,4
185.55,57.696,2.3078,4
185.6,57.696,2.3078,4
185.65,57.696,2.3078,4
185.7,57.696,2.3078,4
185.75,57.696,2.3078,4
185.8,57.696,2.3078,4
185.85,57.696,2.3078,4
185.9,57.696,2.3078,4
185.95,57.696,2.3078,4
186,57.696,2.3078,4
186.05,57.696,2.3078,4
186.1,57.696,2.3078,4
186.15,57.696,2.3078,4
186.2,57.696,2.3078,4
186.25,57.696,2.3078,4
186.3,57.696,2.3078,4
186.35,57.696,2.3078,4
186.4,57.696,2.3078,4
186.46,57.696,2.3078,4
186.51,57.696,2.3078,4
186.56,57.696,2.3078,5
186.61,85.55,4.2775,5
186.66,85.55,4.2775,5
186.71,85.55,4.2775,5
186.76,85.55,4.2775,5
186.81,85.55,4.2775,5
186.86,85.55,4.2775,5
186.91,85.55,4.2775,5
186.96,85.55,4.2775,5
187.01,85.55,4.2775,5
187.06,85.55,4.2775,5
187.11,85.55,4.2775,5
187.16,85.55,4.2775,5
187.21,85.55,4.2775,5
187.27,85.55,4.2775,5
187.32,85.55,4.2775,5
187.37,85.55,4.2775,5
187.42,85.55,4.2775,5
187.47,85.55,4.2775,5
187.52,85.55,4.2775,5
187.57,85.55,4.2775,5
187.62,85.55,4.2775,5
187.67,85.55,4.2775,5
187.72,85.55,4.2775,5
187.77,85.55,4.2775,5
187.83,85.55,4.2775,5
187.88,85.55,4.2775,5
187.93,85.55,4.2775,5
187.98,85.55,4.2775,5
188.03,85.55,4.2775,5
188.08,85.55,4.2775,5
188.13,85.55,4.2775,22
188.18,48.623,10.697,22
188.23,48.623,10.697,22
188.28,48.623,10.697,22
188.33,48.623,10.697,22
188.38,48.623,10.697,22
188.43,48.623,10.697,22
188.48,48.623,10.697,22
188.54,48.623,10.697,22
188.59,48.623,10.697,22
188.64,48.623,10.697,22
188.69,48.623,10.697,22
188.74,48.623,10.697,22
188.79,48.623,10.697,22
188.84,48.623,10.697,22
188.89,48.623,10.697,22
188.94,48.623,10.697,22
188.99,48.623,10.697,22
189.04,48.623,10.697,22
189.09,48.623,10.697,22
189.15,48.623,10.697,22
189.2,48.623,10.697,22
189.25,48.623,10.697,22
189.3,48.623,10.697,22
189.35,48.623,10.697,22
189.4,48.623,10.697,22
189.45,48.623,10.697,22
189.5,48.623,10.697,22
189.55,48.623,10.697,37
189.6,48.623,10.697,37
189.65,46.258,17.116,37
189.7,46.258,17.116,37
189.75,46.258,17.116,37
189.8,46.258,17.116,37
189.85,46.258,17.116,37
189.9,46.258,17.116,37
189.95,46.258,17.116,37
190,46.258,17.116,37
190.05,46.258,17.116,37
190.1,46.258,17.116,37
190.15,46.258,17.116,37
190.2,46.258,17.116,37
190.25,46.258,17.116,37
190.3,46.258,17.116,37
190.35,46.258,17.116,37
190.4,46.258,17.116,37
190.45,46.258,17.116,37
190.5,46.258,17.116,37
190.55,46.258,17.116,37
190.6,46.258,17.116,37
190.65,46.258,17.116,37
190.7,46.258,17.116,37
190.75,46.258,17.116,37
190.8,46.258,17.116,37
190.85,46.258,17.116,37
190.9,46.258,17.116,37
190.95,46.258,17.116,37
191,46.258,17.116,37
191.05,46.258,17.116,37
191.1,15.135,5.5999,37
191.15,15.135,5.5999,37
191.21,15.135,5.5999,37
191.26,15.135,5.5999,37
191.31,15.135,5.5999,37
191.36,15.135,5.5999,37
191.41,15.135,5.5999,37
191.46,15.135,5.5999,37
191.51,15.135,5.5999,37
191.56,15.135,5.5999,37
191.61,15.135,5.5999,37
191.66,15.135,5.5999,37
191.71,15.135,5.5999,37
191.76,15.135,5.5999,37
191.81,15.135,5.5999,37
191.86,15.135,5.5999,37
191.91,15.135,5.5999,37
191.96,15.135,5.5999,37
192.01,15.135,5.5999,37
192.06,15.135,5.5999,37
192.11,15.135,5.5999,37
192.16,15.135,5.5999,37
192.21,15.135,5.5999,37
192.26,15.135,5.5999,37
192.31,15.135,5.5999,37
192.37,15.135,5.5999,37
192.42,15.135,5.5999,37
192.47,15.135,5.5999,37
192.52,15.135,5.5999,37
192.57,15.135,5.5999,37
192.62,15.135,5.5999,37
192.67,15.135,5.5999,37
192.72,15.135,5.5999,37
192.77,15.135,5.5999,37
192.82,15.135,5.5999,37
192.87,15.135,5.5999,37
192.92,15.135,5.5999,37
192.97,15.135,5.5999,37
193.02,15.135,5.5999,37
193.07,15.135,5.5999,25
193.12,27.865,6.9661,25
193.17,27.865,6.9661,25
193.22,27.865,6.9661,25
193.27,27.865,6.9661,25
193.32,27.865,6.9661,25
193.37,27.865,6.9661,25
193.42,27.865,6.9661,25
193.47,27.865,6.9661,25
193.52,27.865,6.9661,25
193.57,27.865,6.9661,25
193.62,27.865,6.9661,25
193.67,27.865,6.9661,25
193.73,27.865,6.9661,25
193.78,27.865,6.9661,25
193.83,27.865,6.9661,25
193.88,27.865,6.9661,25
193.93,27.865,6.9661,25
193.98,27.865,6.9661,25
194.03,27.865,6.9661,25
194.08,27.865,6.9661,25
194.13,27.865,6.9661,25
194.18,27.865,6.9661,25
194.23,27.865,6.9661,25
194.28,27.865,6.9661,25
194.33,27.865,6.9661,25
194.38,27.865,6.9661,25
194.43,27.865,6.9661,25
194.48,27.865,6.9661,25
194.53,27.865,6.9661,25
194.58,27.865,6.9661,18
194.64,27.865,6.9661,18
194.69,27.865,6.9661,18
194.74,27.865,6.9661,18
194.79,14.622,2.6319,18
194.84,14.622,2.6319,18
194.89,14.622,2.6319,18
194.94,14.622,2.6319,18
194.99,14.622,2.6319,18
195.04,14.622,2.6319,18
195.09,14.622,2.6319,18
195.14,14.622,2.6319,18
195.19,14.622,2.6319,18
195.24,14.622,2.6319,18
195.29,14.622,2.6319,18
195.34,14.622,2.6319,18
195.39,14.622,2.6319,18
195.45,14.622,2.6319,18
195.5,14.622,2.6319,18
195.55,14.622,2.6319,18
195.6,14.622,2.6319,18
195.65,14.622,2.6319,18
195.7,14.622,2.6319,18
195.75,14.622,2.6319,18
195.8,14.622,2.6319,18
195.85,14.622,2.6319,18
195.9,14.622,2.6319,18
195.95,14.622,2.6319,18
196,14.622,2.6319,18
196.05,14.622,2.6319,18
196.1,14.622,2.6319,18
196.15,14.622,2.6319,18
196.2,14.622,2.6319,18
196.25,14.622,2.6319,18
196.3,14.622,2.6319,18
196.35,14.622,2.6319,18
196.4,14.622,2.6319,18
196.45,14.622,2.6319,19
196.5,14.622,2.6319,19
196.55,21.105,4.01,19
196.6,21.105,4.01,19
196.65,21.105,4.01,19
196.7,21.105,4.01,19
196.75,21.105,4.01,19
196.8,21.105,4.01,19
196.85,21.105,4.01,19
196.9,21.105,4.01,19
196.95,21.105,4.01,19
197,21.105,4.01,19
197.05,21.105,4.01,19
197.1,21.105,4.01,19
197.15,21.105,4.01,19
197.2,21.105,4.01,19
197.25,21.105,4.01,19
197.3,21.105,4.01,19
197.35,21.105,4.01,19
197.4,21.105,4.01,19
197.45,21.105,4.01,19
197.5,21.105,4.01,19
197.55,21.105,4.01,19
197.6,21.105,4.01,19
197.65,21.105,4.01,19
197.7,21.105,4.01,19
197.75,21.105,4.01,19
197.8,21.105,4.01,19
197.85,21.105,4.01,26
197.9,16.806,4.3697,26
197.96,16.806,4.3697,26
198.01,16.806,4.3697,26
198.06,16.806,4.3697,26
198.11,16.806,4.3697,26
198.16,16.806,4.3697,26
198.21,16.806,4.3697,26
198.26,16.806,4.3697,26
198.31,16.806,4.3697,26
198.36,16.806,4.3697,26
198.41,16.806,4.3697,26
198.46,16.806,4.3697,26
198.51,16.806,4.3697,26
198.56,16.806,4.3697,26
198.61,16.806,4.3697,26
198.66,16.806,4.3697,26
198.71,16.806,4.3697,26
198.76,16.806,4.3697,26
198.81,16.806,4.3697,26
198.86,16.806,4.3697,26
198.91,16.806,4.3697,26
198.96,16.806,4.3697,26
199.01,16.806,4.3697,26
199.06,16.806,4.3697,26
199.11,16.806,4.3697,26
199.16,16.806,4.3697,26
199.21,16.806,4.3697,26
199.26,16.806,4.3697,26
199.31,16.806,4.3697,26
199.36,16.806,4.3697,26
199.41,16.806,4.3697,17
199.46,29.729,5.0539,17
199.51,29.729,5.0539,17
199.56,29.729,5.0539,17
199.61,29.729,5.0539,17
199.66,29.729,5.0539,17
199.71,29.729,5.0539,17
199.76,29.729,5.0539,17
199.81,29.729,5.0539,17
199.86,29.729,5.0539,17
199.91,29.729,5.0539,17
199.96,29.729,5.0539,17
200.01,29.729,5.0539,17
200.06,29.729,5.0539,17
200.11,29.729,5.0539,17
200.16,29.729,5.0539,17
200.21,29.729,5.0539,17
200.26,29.729,5.0539,17
200.31,29.729,5.0539,17
200.36,29.729,5.0539,17
200.41,29.729,5.0539,17
200.46,29.729,5.0539,17
200.51,29.729,5.0539,17
200.56,29.729,5.0539,17
200.61,29.729,5.0539,17
200.66,29.729,5.0539,17
200.71,29.729,5.0539,17
200.76,29.729,5.0539,17
200.81,29.729,5.0539,17
200.86,29.729,5.0539,17
200.91,29.729,5.0539,17
200.96,29.729,5.0539,17
201.01,29.729,5.0539,14
201.06,38.312,5.3636,14
201.11,38.312,5.3636,14
201.16,38.312,5.3636,14
201.21,38.312,5.3636,14
201.26,38.312,5.3636,14
201.32,38.312,5.3636,14
201.37,38.312,5.3636,14
201.42,38.312,5.3636,14
201.47,38.312,5.3636,14
201.52,38.312,5.3636,14
201.57,38.312,5.3636,14
201.62,38.312,5.3636,14
201.67,38.312,5.3636,14
201.72,38.312,5.3636,14
201.77,38.312,5.3636,14
201.82,38.312,5.3636,14
201.87,38.312,5.3636,14
201.92,38.312,5.3636,14
201.97,38.312,5.3636,14
202.03,38.312,5.3636,14
202.08,38.312,5.3636,14
202.13,38.312,5.3636,14
202.18,38.312,5.3636,14
202.23,38.312,5.3636,14
202.28,38.312,5.3636,14
202.33,38.312,5.3636,14
202.38,38.312,5.3636,14
202.43,38.312,5.3636,14
202.48,38.312,5.3636,14
202.53,38.312,5.3636,14
202.58,37.896,9.4739,25
202.64,37.896,9.4739,25
202.69,37.896,9.4739,25
202.74,37.896,9.4739,25
202.79,37.896,9.4739,25
202.84,37.896,9.4739,25
202.89,37.896,9.4739,25
202.94,37.896,9.4739,25
202.99,37.896,9.4739,25
203.04,37.896,9.4739,25
203.09,37.896,9.4739,25
203.14,37.896,9.4739,25
203.19,37.896,9.4739,25
203.24,37.896,9.4739,25
203.29,37.896,9.4739,25
203.34,37.896,9.4739,25
203.39,37.896,9.4739,25
203.44,37.896,9.4739,25
203.49,37.896,9.4739,25
203.54,37.896,9.4739,25
203.6,37.896,9.4739,25
203.65,37.896,9.4739,25
203.7,37.896,9.4739,25
203.75,37.896,9.4739,25
203.8,37.896,9.4739,25
203.85,37.896,9.4739,25
203.9,37.896,9.4739,25
203.95,37.896,9.4739,25
204,37.896,9.4739,25
204.05,37.896,9.4739,27
204.1,16.756,4.5242,27
204.15,16.756,4.5242,27
204.2,16.756,4.5242,27
204.25,16.756,4.5242,27
204.3,16.756,4.5242,27
204.35,16.756,4.5242,27
204.4,16.756,4.5242,27
204.45,16.756,4.5242,27
204.5,16.756,4.5242,27
204.55,16.756,4.5242,27
204.6,16.756,4.5242,27
204.65,16.756,4.5242,27
204.71,16.756,4.5242,27
204.76,16.756,4.5242,27
204.81,16.756,4.5242,27
204.86,16.756,4.5242,27
204.98,16.756,4.5242,27
204.99,16.756,4.5242,27
205.04,16.756,4.5242,27
205.09,16.756,4.5242,27
205.14,16.756,4.5242,27
205.19,16.756,4.5242,27
205.24,16.756,4.5242,27
205.3,16.756,4.5242,27
205.35,16.756,4.5242,27
205.4,16.756,4.5242,27
205.45,16.756,4.5242,27
205.5,16.756,4.5242,27
205.55,16.756,4.5242,27
205.6,16.756,4.5242,27
205.65,16.756,4.5242,27
205.7,16.756,4.5242,27
205.75,16.756,4.5242,17
205.8,16.756,4.5242,17
205.85,22.018,3.7431,17
205.9,22.018,3.7431,17
205.95,22.018,3.7431,17
206,22.018,3.7431,17
206.05,22.018,3.7431,17
206.1,22.018,3.7431,17
206.15,22.018,3.7431,17
206.2,22.018,3.7431,17
206.25,22.018,3.7431,17
206.3,22.018,3.7431,17
206.35,22.018,3.7431,17
206.4,22.018,3.7431,17
206.45,22.018,3.7431,17
206.5,22.018,3.7431,17
206.55,22.018,3.7431,17
206.6,22.018,3.7431,17
206.66,22.018,3.7431,17
206.71,22.018,3.7431,17
206.76,22.018,3.7431,17
206.81,22.018,3.7431,17
206.86,22.018,3.7431,17
206.91,22.018,3.7431,17
206.96,22.018,3.7431,17
207.01,22.018,3.7431,17
207.06,22.018,3.7431,17
207.11,22.018,3.7431,17
207.16,22.018,3.7431,17
207.21,22.018,3.7431,17
207.26,22.018,3.7431,17
207.31,22.018,3.7431,17
207.36,22.018,3.7431,17
207.42,22.018,3.7431,17
207.47,22.018,3.7431,17
207.52,22.018,3.7431,19
207.57,28.652,5.4438,19
207.62,28.652,5.4438,19
207.67,28.652,5.4438,19
207.72,28.652,5.4438,19
207.77,28.652,5.4438,19
207.82,28.652,5.4438,19
207.87,28.652,5.4438,19
207.92,28.652,5.4438,19
207.97,28.652,5.4438,19
208.02,28.652,5.4438,19
208.07,28.652,5.4438,19
208.12,28.652,5.4438,19
208.17,28.652,5.4438,19
208.22,28.652,5.4438,19
208.27,28.652,5.4438,19
208.32,28.652,5.4438,19
208.37,28.652,5.4438,19
208.42,28.652,5.4438,19
208.47,28.652,5.4438,19
208.52,28.652,5.4438,19
208.57,28.652,5.4438,19
208.62,28.652,5.4438,19
208.67,28.652,5.4438,19
208.72,28.652,5.4438,19
208.77,28.652,5.4438,19
208.82,28.652,5.4438,19
208.87,28.652,5.4438,19
208.92,28.652,5.4438,19
208.97,28.652,5.4438,19
209.02,28.652,5.4438,19
209.07,28.652,5.4438,32
209.12,28.647,9.1669,32
209.17,28.647,9.1669,32
209.22,28.647,9.1669,32
209.27,28.647,9.1669,32
209.32,28.647,9.1669,32
209.37,28.647,9.1669,32
209.42,28.647,9.1669,32
209.47,28.647,9.1669,32
209.52,28.647,9.1669,32
209.57,28.647,9.1669,32
209.62,28.647,9.1669,32
209.67,28.647,9.1669,32
209.72,28.647,9.1669,32
209.77,28.647,9.1669,32
209.82,28.647,9.1669,32
209.88,28.647,9.1669,32
209.92,28.647,9.1669,32
209.98,28.647,9.1669,32
210.03,28.647,9.1669,32
210.08,28.647,9.1669,32
210.13,28.647,9.1669,32
210.18,28.647,9.1669,32
210.23,28.647,9.1669,32
210.28,28.647,9.1669,32
210.33,28.647,9.1669,32
210.38,28.647,9.1669,32
210.43,28.647,9.1669,32
210.48,28.647,9.1669,29
210.53,16.433,4.7656,29
210.58,16.433,4.7656,29
210.63,16.433,4.7656,29
210.69,16.433,4.7656,29
210.74,16.433,4.7656,29
210.79,16.433,4.7656,29
210.84,16.433,4.7656,29
210.89,16.433,4.7656,29
210.94,16.433,4.7656,29
210.99,16.433,4.7656,29
211.04,16.433,4.7656,29
211.09,16.433,4.7656,29
211.14,16.433,4.7656,29
211.19,16.433,4.7656,29
211.25,16.433,4.7656,29
211.3,16.433,4.7656,29
211.35,16.433,4.7656,29
211.4,16.433,4.7656,29
211.45,16.433,4.7656,29
211.5,16.433,4.7656,29
211.55,16.433,4.7656,29
211.6,16.433,4.7656,29
211.65,16.433,4.7656,29
211.7,16.433,4.7656,29
211.75,16.433,4.7656,29
211.8,16.433,4.7656,29
211.85,16.433,4.7656,29
211.9,16.433,4.7656,29
211.95,16.433,4.7656,29
212,16.433,4.7656,29
212.05,16.433,4.7656,29
212.1,16.433,4.7656,29
212.15,16.433,4.7656,29
212.2,16.433,4.7656,29
212.25,16.433,4.7656,23
212.31,20.001,4.6003,23
212.36,20.001,4.6003,23
212.41,20.001,4.6003,23
212.46,20.001,4.6003,23
212.51,20.001,4.6003,23
212.56,20.001,4.6003,23
212.61,20.001,4.6003,23
212.66,20.001,4.6003,23
212.71,20.001,4.6003,23
212.76,20.001,4.6003,23
212.81,20.001,4.6003,23
212.86,20.001,4.6003,23
212.91,20.001,4.6003,23
212.96,20.001,4.6003,23
213.01,20.001,4.6003,23
213.06,20.001,4.6003,23
213.11,20.001,4.6003,23
213.16,20.001,4.6003,23
213.21,20.001,4.6003,23
213.26,20.001,4.6003,23
213.31,20.001,4.6003,23
213.36,20.001,4.6003,23
213.41,20.001,4.6003,23
213.46,20.001,4.6003,23
213.51,20.001,4.6003,23
213.56,20.001,4.6003,23
213.61,20.001,4.6003,20
213.66,13.053,2.6106,20
213.71,13.053,2.6106,20
213.76,13.053,2.6106,20
213.81,13.053,2.6106,20
213.86,13.053,2.6106,20
213.91,13.053,2.6106,20
213.96,13.053,2.6106,20
214.01,13.053,2.6106,20
214.06,13.053,2.6106,20
214.11,13.053,2.6106,20
214.16,13.053,2.6106,20
214.21,13.053,2.6106,20
214.26,13.053,2.6106,20
214.31,13.053,2.6106,20
214.36,13.053,2.6106,20
214.41,13.053,2.6106,20
214.46,13.053,2.6106,20
214.51,13.053,2.6106,20
214.56,13.053,2.6106,20
214.61,13.053,2.6106,20
214.66,13.053,2.6106,20
214.71,13.053,2.6106,20
214.76,13.053,2.6106,20
214.81,13.053,2.6106,20
214.86,13.053,2.6106,20
214.91,13.053,2.6106,20
214.96,13.053,2.6106,20
215.02,13.053,2.6106,20
215.07,13.053,2.6106,23
215.12,18.991,4.3679,23
215.17,18.991,4.3679,23
215.22,18.991,4.3679,23
215.27,18.991,4.3679,23
215.32,18.991,4.3679,23
215.37,18.991,4.3679,23
215.42,18.991,4.3679,23
215.47,18.991,4.3679,23
215.52,18.991,4.3679,23
215.57,18.991,4.3679,23
215.62,18.991,4.3679,23
215.67,18.991,4.3679,23
215.72,18.991,4.3679,23
215.77,18.991,4.3679,23
215.82,18.991,4.3679,23
215.87,18.991,4.3679,23
215.92,18.991,4.3679,23
215.97,18.991,4.3679,23
216.02,18.991,4.3679,23
216.07,18.991,4.3679,23
216.12,18.991,4.3679,23
216.17,18.991,4.3679,23
216.22,18.991,4.3679,23
216.28,18.991,4.3679,23
216.33,18.991,4.3679,23
216.38,18.991,4.3679,23
216.43,18.991,4.3679,23
216.48,18.991,4.3679,23
216.53,18.991,4.3679,23
216.58,18.991,4.3679,23
216.63,18.991,4.3679,23
216.68,18.991,4.3679,27
216.74,14.823,4.0022,27
216.79,14.823,4.0022,27
216.84,14.823,4.0022,27
216.89,14.823,4.0022,27
216.94,14.823,4.0022,27
216.99,14.823,4.0022,27
217.04,14.823,4.0022,27
217.09,14.823,4.0022,27
217.14,14.823,4.0022,27
217.19,14.823,4.0022,27
217.24,14.823,4.0022,27
217.29,14.823,4.0022,27
217.34,14.823,4.0022,27
217.39,14.823,4.0022,27
217.45,14.823,4.0022,27
217.5,14.823,4.0022,27
217.55,14.823,4.0022,27
217.6,14.823,4.0022,27
217.65,14.823,4.0022,27
217.7,14.823,4.0022,27
217.75,14.823,4.0022,27
217.8,14.823,4.0022,27
217.85,14.823,4.0022,27
217.9,14.823,4.0022,27
217.95,14.823,4.0022,27
218,14.823,4.0022,27
218.05,14.823,4.0022,27
218.1,14.823,4.0022,27
218.15,14.823,4.0022,27
218.2,14.823,4.0022,27
218.25,14.823,4.0022,27
218.3,14.823,4.0022,27
218.35,14.823,4.0022,19
218.4,20.926,3.9759,19
218.45,20.926,3.9759,19
218.5,20.926,3.9759,19
218.55,20.926,3.9759,19
218.6,20.926,3.9759,19
218.65,20.926,3.9759,19
218.7,20.926,3.9759,19
218.75,20.926,3.9759,19
218.81,20.926,3.9759,19
218.86,20.926,3.9759,19
218.91,20.926,3.9759,19
218.96,20.926,3.9759,19
219.01,20.926,3.9759,19
219.06,20.926,3.9759,19
219.11,20.926,3.9759,19
219.16,20.926,3.9759,19
219.21,20.926,3.9759,19
219.26,20.926,3.9759,19
219.31,20.926,3.9759,19
219.36,20.926,3.9759,19
219.41,20.926,3.9759,19
219.46,20.926,3.9759,19
219.51,20.926,3.9759,19
219.56,20.926,3.9759,19
219.61,20.926,3.9759,19
219.66,20.926,3.9759,19
219.71,20.926,3.9759,22
219.76,18.442,4.0571,22
219.81,18.442,4.0571,22
219.86,18.442,4.0571,22
219.91,18.442,4.0571,22
219.96,18.442,4.0571,22
220.01,18.442,4.0571,22
220.06,18.442,4.0571,22
220.11,18.442,4.0571,22
220.16,18.442,4.0571,22
220.21,18.442,4.0571,22
220.26,18.442,4.0571,22
220.31,18.442,4.0571,22
220.37,18.442,4.0571,22
220.42,18.442,4.0571,22
220.47,18.442,4.0571,22
220.52,18.442,4.0571,22
220.57,18.442,4.0571,22
220.62,18.442,4.0571,22
220.67,18.442,4.0571,22
220.72,18.442,4.0571,22
220.77,18.442,4.0571,22
220.82,18.442,4.0571,22
220.87,18.442,4.0571,22
220.92,18.442,4.0571,22
220.97,18.442,4.0571,22
221.02,18.442,4.0571,22
221.07,18.442,4.0571,22
221.12,18.442,4.0571,26
221.17,16.699,4.3417,26
221.22,16.699,4.3417,26
221.27,16.699,4.3417,26
221.32,16.699,4.3417,26
221.37,16.699,4.3417,26
221.42,16.699,4.3417,26
221.47,16.699,4.3417,26
221.52,16.699,4.3417,26
221.58,16.699,4.3417,26
221.63,16.699,4.3417,26
221.68,16.699,4.3417,26
221.73,16.699,4.3417,26
221.78,16.699,4.3417,26
221.82,16.699,4.3417,26
221.88,16.699,4.3417,26
221.93,16.699,4.3417,26
221.98,16.699,4.3417,26
222.03,16.699,4.3417,26
222.08,16.699,4.3417,26
222.13,16.699,4.3417,26
222.18,16.699,4.3417,26
222.23,16.699,4.3417,26
222.28,16.699,4.3417,26
222.33,16.699,4.3417,26
222.38,16.699,4.3417,26
222.43,16.699,4.3417,26
222.48,16.699,4.3417,26
222.53,16.699,4.3417,26
222.58,16.699,4.3417,26
222.63,16.699,4.3417,26
222.68,16.699,4.3417,26
222.73,16.699,4.3417,26
222.78,16.699,4.3417,26
222.83,16.699,4.3417,23
222.88,44.005,10.121,23
222.93,44.005,10.121,23
222.98,44.005,10.121,23
223.03,44.005,10.121,23
223.08,44.005,10.121,23
223.14,44.005,10.121,23
223.19,44.005,10.121,23
223.24,44.005,10.121,23
223.29,44.005,10.121,23
223.34,44.005,10.121,23
223.39,44.005,10.121,23
223.44,44.005,10.121,23
223.49,44.005,10.121,23
223.54,44.005,10.121,23
223.59,44.005,10.121,23
223.64,44.005,10.121,23
223.69,44.005,10.121,23
223.74,44.005,10.121,23
223.79,44.005,10.121,23
223.84,44.005,10.121,23
223.89,44.005,10.121,23
223.94,44.005,10.121,23
223.99,44.005,10.121,23
224.04,44.005,10.121,23
224.09,44.005,10.121,23
224.14,44.005,10.121,23
224.19,44.005,10.121,23
224.24,44.005,10.121,23
224.29,44.005,10.121,23
224.35,44.005,10.121,23
224.4,44.005,10.121,23
224.45,44.005,10.121,23
224.5,44.005,10.121,23
224.55,44.005,10.121,23
224.6,44.005,10.121,23
224.65,44.005,10.121,23
224.7,44.005,10.121,27
224.75,16.613,4.4855,27
224.8,16.613,4.4855,27
224.85,16.613,4.4855,27
224.9,16.613,4.4855,27
224.95,16.613,4.4855,27
225,16.613,4.4855,27
225.05,16.613,4.4855,27
225.1,16.613,4.4855,27
225.15,16.613,4.4855,27
225.2,16.613,4.4855,27
225.25,16.613,4.4855,27
225.3,16.613,4.4855,27
225.35,16.613,4.4855,27
225.41,16.613,4.4855,27
225.45,16.613,4.4855,27
225.5,16.613,4.4855,27
225.55,16.613,4.4855,27
225.6,16.613,4.4855,27
225.65,16.613,4.4855,27
225.7,16.613,4.4855,27
225.75,16.613,4.4855,27
225.8,16.613,4.4855,27
225.85,16.613,4.4855,27
225.9,16.613,4.4855,27
225.95,16.613,4.4855,27
226,16.613,4.4855,27
226.05,16.613,4.4855,27
226.1,16.613,4.4855,23
226.15,17.932,4.1243,23
226.2,17.932,4.1243,23
226.25,17.932,4.1243,23
226.31,17.932,4.1243,23
226.36,17.932,4.1243,23
226.41,17.932,4.1243,23
226.46,17.932,4.1243,23
226.51,17.932,4.1243,23
226.56,17.932,4.1243,23
226.61,17.932,4.1243,23
226.66,17.932,4.1243,23
226.71,17.932,4.1243,23
226.76,17.932,4.1243,23
226.81,17.932,4.1243,23
226.86,17.932,4.1243,23
226.91,17.932,4.1243,23
226.96,17.932,4.1243,23
227.01,17.932,4.1243,23
227.06,17.932,4.1243,23
227.11,17.932,4.1243,23
227.16,17.932,4.1243,23
227.21,17.932,4.1243,23
227.26,17.932,4.1243,23
227.31,17.932,4.1243,23
227.36,17.932,4.1243,23
227.41,17.932,4.1243,23
227.46,17.932,4.1243,23
227.51,17.932,4.1243,23
227.56,17.932,4.1243,23
227.61,17.932,4.1243,23
227.66,17.932,4.1243,29
227.71,19.225,5.5754,29
227.76,19.225,5.5754,29
227.81,19.225,5.5754,29
227.86,19.225,5.5754,29
227.92,19.225,5.5754,29
227.96,19.225,5.5754,29
228.01,19.225,5.5754,29
228.07,19.225,5.5754,29
228.12,19.225,5.5754,29
228.17,19.225,5.5754,29
228.22,19.225,5.5754,29
228.27,19.225,5.5754,29
228.32,19.225,5.5754,29
228.37,19.225,5.5754,29
228.42,19.225,5.5754,29
228.47,19.225,5.5754,29
228.52,19.225,5.5754,29
228.57,19.225,5.5754,29
228.62,19.225,5.5754,29
228.67,19.225,5.5754,29
228.72,19.225,5.5754,29
228.77,19.225,5.5754,29
228.82,19.225,5.5754,29
228.87,19.225,5.5754,29
228.92,19.225,5.5754,29
228.97,19.225,5.5754,29
229.02,19.225,5.5754,29
229.07,19.225,5.5754,29
229.12,19.225,5.5754,40
229.17,36.234,14.494,40
229.22,36.234,14.494,40
229.27,36.234,14.494,40
229.32,36.234,14.494,40
229.37,36.234,14.494,40
229.43,36.234,14.494,40
229.48,36.234,14.494,40
229.53,36.234,14.494,40
229.58,36.234,14.494,40
229.63,36.234,14.494,40
229.68,36.234,14.494,40
229.73,36.234,14.494,40
229.78,36.234,14.494,40
229.83,36.234,14.494,40
229.88,36.234,14.494,40
229.93,36.234,14.494,40
229.98,36.234,14.494,40
230.03,36.234,14.494,40
230.08,36.234,14.494,40
230.13,36.234,14.494,40
230.18,36.234,14.494,40
230.23,36.234,14.494,40
230.28,36.234,14.494,40
230.33,36.234,14.494,40
230.38,36.234,14.494,40
230.43,36.234,14.494,40
230.48,36.234,14.494,40
230.53,36.234,14.494,40
230.58,36.234,14.494,40
230.64,36.234,14.494,40
230.69,36.234,14.494,39
230.74,36.234,14.494,39
230.79,36.234,14.494,39
230.84,11.607,4.5269,39
230.89,11.607,4.5269,39
230.94,11.607,4.5269,39
230.99,11.607,4.5269,39
231.04,11.607,4.5269,39
231.09,11.607,4.5269,39
231.14,11.607,4.5269,39
231.19,11.607,4.5269,39
231.24,11.607,4.5269,39
231.29,11.607,4.5269,39
231.34,11.607,4.5269,39
231.39,11.607,4.5269,39
231.44,11.607,4.5269,39
231.49,11.607,4.5269,39
231.54,11.607,4.5269,39
231.59,11.607,4.5269,39
231.64,11.607,4.5269,39
231.69,11.607,4.5269,39
231.74,11.607,4.5269,39
231.8,11.607,4.5269,39
231.85,11.607,4.5269,39
231.9,11.607,4.5269,39
231.95,11.607,4.5269,39
232,11.607,4.5269,39
232.05,11.607,4.5269,39
232.1,11.607,4.5269,39
232.15,11.607,4.5269,39
232.2,11.607,4.5269,26
232.25,11.607,4.5269,26
232.3,17.9,4.6539,26
232.35,17.9,4.6539,26
232.4,17.9,4.6539,26
232.45,17.9,4.6539,26
232.5,17.9,4.6539,26
232.55,17.9,4.6539,26
232.6,17.9,4.6539,26
232.65,17.9,4.6539,26
232.7,17.9,4.6539,26
232.75,17.9,4.6539,26
232.8,17.9,4.6539,26
232.85,17.9,4.6539,26
232.91,17.9,4.6539,26
232.95,17.9,4.6539,26
233,17.9,4.6539,26
233.05,17.9,4.6539,26
233.11,17.9,4.6539,26
233.16,17.9,4.6539,26
233.21,17.9,4.6539,26
233.26,17.9,4.6539,26
233.31,17.9,4.6539,26
233.36,17.9,4.6539,26
233.41,17.9,4.6539,26
233.46,17.9,4.6539,26
233.51,17.9,4.6539,26
233.56,17.9,4.6539,26
233.61,17.9,4.6539,26
233.66,17.9,4.6539,26
233.71,17.9,4.6539,26
233.77,17.9,4.6539,5
233.82,76.412,3.8206,5
233.87,76.412,3.8206,5
233.92,76.412,3.8206,5
233.97,76.412,3.8206,5
234.02,76.412,3.8206,5
234.07,76.412,3.8206,5
234.12,76.412,3.8206,5
234.17,76.412,3.8206,5
234.22,76.412,3.8206,5
234.27,76.412,3.8206,5
234.33,76.412,3.8206,5
234.38,76.412,3.8206,5
234.43,76.412,3.8206,5
234.48,76.412,3.8206,5
234.53,76.412,3.8206,5
234.58,76.412,3.8206,5
234.63,76.412,3.8206,5
234.68,76.412,3.8206,5
234.73,76.412,3.8206,5
234.78,76.412,3.8206,5
234.83,76.412,3.8206,5
234.88,76.412,3.8206,5
234.93,76.412,3.8206,5
234.98,76.412,3.8206,5
235.03,76.412,3.8206,5
235.08,76.412,3.8206,5
235.13,76.412,3.8206,5
235.18,76.412,3.8206,3
235.23,95.22,2.8566,3
235.28,95.22,2.8566,3
235.33,95.22,2.8566,3
235.38,95.22,2.8566,3
235.43,95.22,2.8566,3
235.48,95.22,2.8566,3
235.53,95.22,2.8566,3
235.58,95.22,2.8566,3
235.63,95.22,2.8566,3
235.76,95.22,2.8566,3
235.76,95.22,2.8566,3
235.79,95.22,2.8566,3
235.84,95.22,2.8566,3
235.89,95.22,2.8566,3
235.94,95.22,2.8566,3
235.99,95.22,2.8566,3
236.05,95.22,2.8566,3
236.09,95.22,2.8566,3
236.15,95.22,2.8566,3
236.2,95.22,2.8566,3
236.25,95.22,2.8566,3
236.3,95.22,2.8566,3
236.35,95.22,2.8566,3
236.4,95.22,2.8566,3
236.45,95.22,2.8566,3
236.5,95.22,2.8566,3
236.55,95.22,2.8566,3
236.6,95.22,2.8566,3
236.65,95.22,2.8566,3
236.7,95.22,2.8566,3
236.75,95.22,2.8566,3
236.8,95.22,2.8566,3
236.85,95.22,2.8566,3
236.9,95.22,2.8566,3
236.95,95.22,2.8566,17
237,13.013,2.2122,17
237.05,13.013,2.2122,17
237.1,13.013,2.2122,17
237.15,13.013,2.2122,17
237.2,13.013,2.2122,17
237.25,13.013,2.2122,17
237.3,13.013,2.2122,17
237.35,13.013,2.2122,17
237.4,13.013,2.2122,17
237.45,13.013,2.2122,17
237.5,13.013,2.2122,17
237.56,13.013,2.2122,17
237.61,13.013,2.2122,17
237.66,13.013,2.2122,17
237.71,13.013,2.2122,17
237.76,13.013,2.2122,17
237.81,13.013,2.2122,17
237.86,13.013,2.2122,17
237.91,13.013,2.2122,17
237.96,13.013,2.2122,17
238.01,13.013,2.2122,17
238.06,13.013,2.2122,17
238.11,13.013,2.2122,17
238.16,13.013,2.2122,17
238.21,13.013,2.2122,17
238.26,13.013,2.2122,17
238.31,13.013,2.2122,17
238.36,13.013,2.2122,17
238.41,13.013,2.2122,17
238.46,13.013,2.2122,15
238.51,25.359,3.8039,15
238.56,25.359,3.8039,15
238.61,25.359,3.8039,15
238.66,25.359,3.8039,15
238.71,25.359,3.8039,15
238.76,25.359,3.8039,15
238.81,25.359,3.8039,15
238.86,25.359,3.8039,15
238.92,25.359,3.8039,15
238.97,25.359,3.8039,15
239.02,25.359,3.8039,15
239.07,25.359,3.8039,15
239.12,25.359,3.8039,15
239.17,25.359,3.8039,15
239.22,25.359,3.8039,15
239.27,25.359,3.8039,15
239.32,25.359,3.8039,15
239.37,25.359,3.8039,15
239.42,25.359,3.8039,15
239.47,25.359,3.8039,15
239.52,25.359,3.8039,15
239.57,25.359,3.8039,15
239.62,25.359,3.8039,15
239.67,25.359,3.8039,15
239.72,25.359,3.8039,15
239.77,25.359,3.8039,15
239.82,25.359,3.8039,15
239.87,25.359,3.8039,15
239.92,25.359,3.8039,15
239.97,25.359,3.8039,15
240.02,25.359,3.8039,15
240.07,25.359,3.8039,15
240.12,25.359,3.8039,15
240.17,25.359,3.8039,23
240.22,23.839,5.483,23
240.27,23.839,5.483,23
240.32,23.839,5.483,23
240.37,23.839,5.483,23
240.42,23.839,5.483,23
240.48,23.839,5.483,23
240.53,23.839,5.483,23
240.58,23.839,5.483,23
240.63,23.839,5.483,23
240.68,23.839,5.483,23
240.73,23.839,5.483,23
240.78,23.839,5.483,23
240.83,23.839,5.483,23
240.88,23.839,5.483,23
240.93,23.839,5.483,23
240.98,23.839,5.483,23
241.03,23.839,5.483,23
241.08,23.839,5.483,23
241.13,23.839,5.483,23
241.18,23.839,5.483,23
241.23,23.839,5.483,23
241.29,23.839,5.483,23
241.34,23.839,5.483,23
241.39,23.839,5.483,23
241.44,23.839,5.483,23
241.49,23.839,5.483,23
241.54,23.839,5.483,23
241.59,23.839,5.483,38
241.64,23.839,5.483,38
241.69,32.234,12.249,38
241.74,32.234,12.249,38
241.79,32.234,12.249,38
241.84,32.234,12.249,38
241.89,32.234,12.249,38
241.94,32.234,12.249,38
241.99,32.234,12.249,38
242.04,32.234,12.249,38
242.09,32.234,12.249,38
242.14,32.234,12.249,38
242.19,32.234,12.249,38
242.24,32.234,12.249,38
242.29,32.234,12.249,38
242.34,32.234,12.249,38
242.4,32.234,12.249,38
242.45,32.234,12.249,38
242.5,32.234,12.249,38
242.55,32.234,12.249,38
242.6,32.234,12.249,38
242.65,32.234,12.249,38
242.7,32.234,12.249,38
242.75,32.234,12.249,38
242.8,32.234,12.249,38
242.85,32.234,12.249,38
242.9,32.234,12.249,38
242.95,32.234,12.249,38
243,32.234,12.249,38
243.05,32.234,12.249,38
243.1,32.234,12.249,38
243.15,32.234,12.249,38
243.2,32.234,12.249,38
243.25,32.234,12.249,38
243.3,32.234,12.249,33
243.35,15.521,5.1219,33
243.4,15.521,5.1219,33
243.45,15.521,5.1219,33
243.5,15.521,5.1219,33
243.55,15.521,5.1219,33
243.6,15.521,5.1219,33
243.66,15.521,5.1219,33
243.71,15.521,5.1219,33
243.76,15.521,5.1219,33
243.81,15.521,5.1219,33
243.86,15.521,5.1219,33
243.91,15.521,5.1219,33
243.96,15.521,5.1219,33
244.01,15.521,5.1219,33
244.06,15.521,5.1219,33
244.11,15.521,5.1219,33
244.16,15.521,5.1219,33
244.21,15.521,5.1219,33
244.26,15.521,5.1219,33
244.31,15.521,5.1219,33
244.36,15.521,5.1219,33
244.41,15.521,5.1219,33
244.46,15.521,5.1219,33
244.51,15.521,5.1219,33
244.56,15.521,5.1219,33
244.61,15.521,5.1219,33
244.66,15.521,5.1219,33
244.71,15.521,5.1219,24
244.76,15.521,5.1219,24
244.81,20.449,4.9079,24
244.86,20.449,4.9079,24
244.91,20.449,4.9079,24
244.96,20.449,4.9079,24
245.01,20.449,4.9079,24
245.06,20.449,4.9079,24
245.11,20.449,4.9079,24
245.16,20.449,4.9079,24
245.21,20.449,4.9079,24
245.26,20.449,4.9079,24
245.31,20.449,4.9079,24
245.36,20.449,4.9079,24
245.41,20.449,4.9079,24
245.46,20.449,4.9079,24
245.51,20.449,4.9079,24
245.56,20.449,4.9079,24
245.61,20.449,4.9079,24
245.66,20.449,4.9079,24
245.71,20.449,4.9079,24
245.76,20.449,4.9079,24
245.81,20.449,4.9079,24
245.86,20.449,4.9079,24
245.91,20.449,4.9079,24
245.96,20.449,4.9079,24
246.02,20.449,4.9079,24
246.07,20.449,4.9079,24
246.12,20.449,4.9079,24
246.17,20.449,4.9079,24
246.22,20.449,4.9079,24
246.27,20.449,4.9079,24
246.32,20.449,4.9079,24
246.37,20.449,4.9079,26
246.42,17.803,4.6288,26
246.47,17.803,4.6288,26
246.52,17.803,4.6288,26
246.57,17.803,4.6288,26
246.62,17.803,4.6288,26
246.67,17.803,4.6288,26
246.72,17.803,4.6288,26
246.77,17.803,4.6288,26
246.82,17.803,4.6288,26
246.87,17.803,4.6288,26
246.93,17.803,4.6288,26
246.98,17.803,4.6288,26
247.03,17.803,4.6288,26
247.08,17.803,4.6288,26
247.13,17.803,4.6288,26
247.18,17.803,4.6288,26
247.23,17.803,4.6288,26
247.28,17.803,4.6288,26
247.33,17.803,4.6288,26
247.39,17.803,4.6288,26
247.44,17.803,4.6288,26
247.49,17.803,4.6288,26
247.54,17.803,4.6288,26
247.59,17.803,4.6288,26
247.64,17.803,4.6288,26
247.69,17.803,4.6288,24
247.74,23.214,5.5713,24
247.79,23.214,5.5713,24
247.84,23.214,5.5713,24
247.89,23.214,5.5713,24
247.94,23.214,5.5713,24
247.99,23.214,5.5713,24
248.04,23.214,5.5713,24
248.09,23.214,5.5713,24
248.14,23.214,5.5713,24
248.19,23.214,5.5713,24
248.24,23.214,5.5713,24
248.29,23.214,5.5713,24
248.35,23.214,5.5713,24
248.4,23.214,5.5713,24
248.45,23.214,5.5713,24
248.5,23.214,5.5713,24
248.55,23.214,5.5713,24
248.6,23.214,5.5713,24
248.65,23.214,5.5713,24
248.7,23.214,5.5713,24
248.75,23.214,5.5713,24
248.8,23.214,5.5713,24
248.85,23.214,5.5713,24
248.9,23.214,5.5713,24
248.95,23.214,5.5713,24
249,23.214,5.5713,24
249.05,23.214,5.5713,24
249.1,23.214,5.5713,24
249.15,23.214,5.5713,24
249.2,23.214,5.5713,24
249.25,23.214,5.5713,24
249.3,23.214,5.5713,21
249.35,20.685,4.3439,21
249.41,20.685,4.3439,21
249.46,20.685,4.3439,21
249.51,20.685,4.3439,21
249.56,20.685,4.3439,21
249.61,20.685,4.3439,21
249.66,20.685,4.3439,21
249.71,20.685,4.3439,21
249.76,20.685,4.3439,21
249.81,20.685,4.3439,21
249.86,20.685,4.3439,21
249.91,20.685,4.3439,21
249.96,20.685,4.3439,21
250.01,20.685,4.3439,21
250.06,20.685,4.3439,21
250.11,20.685,4.3439,21
250.16,20.685,4.3439,21
250.21,20.685,4.3439,21
250.26,20.685,4.3439,21
250.31,20.685,4.3439,21
250.36,20.685,4.3439,21
250.41,20.685,4.3439,21
250.46,20.685,4.3439,21
250.51,20.685,4.3439,21
250.56,20.685,4.3439,21
250.61,20.685,4.3439,21
250.67,20.685,4.3439,21
250.72,20.685,4.3439,21
250.77,20.685,4.3439,21
250.82,20.685,4.3439,21
250.87,20.685,4.3439,21
250.92,20.685,4.3439,24
250.97,15.079,3.619,24
251.02,15.079,3.619,24
251.07,15.079,3.619,24
251.12,15.079,3.619,24
251.17,15.079,3.619,24
251.22,15.079,3.619,24
251.27,15.079,3.619,24
251.32,15.079,3.619,24
251.37,15.079,3.619,24
251.42,15.079,3.619,24
251.47,15.079,3.619,24
251.52,15.079,3.619,24
251.57,15.079,3.619,24
251.62,15.079,3.619,24
251.68,15.079,3.619,24
251.73,15.079,3.619,24
251.78,15.079,3.619,24
251.83,15.079,3.619,24
251.88,15.079,3.619,24
251.93,15.079,3.619,24
251.98,15.079,3.619,24
252.03,15.079,3.619,24
252.08,15.079,3.619,24
252.13,15.079,3.619,24
252.18,15.079,3.619,24
252.23,15.079,3.619,19
252.29,14.517,2.7582,19
252.34,14.517,2.7582,19
252.39,14.517,2.7582,19
252.44,14.517,2.7582,19
252.49,14.517,2.7582,19
252.54,14.517,2.7582,19
252.59,14.517,2.7582,19
252.64,14.517,2.7582,19
252.69,14.517,2.7582,19
252.74,14.517,2.7582,19
252.79,14.517,2.7582,19
252.84,14.517,2.7582,19
252.9,14.517,2.7582,19
252.95,14.517,2.7582,19
253,14.517,2.7582,19
253.05,14.517,2.7582,19
253.1,14.517,2.7582,19
253.15,14.517,2.7582,19
253.2,14.517,2.7582,19
253.25,14.517,2.7582,19
253.3,14.517,2.7582,19
253.35,14.517,2.7582,19
253.4,14.517,2.7582,19
253.45,14.517,2.7582,19
253.5,14.517,2.7582,19
253.55,14.517,2.7582,19
253.6,14.517,2.7582,19
253.65,14.517,2.7582,19
253.7,14.517,2.7582,19
253.76,14.517,2.7582,19
253.81,14.517,2.7582,19
253.86,14.517,2.7582,19
253.91,14.517,2.7582,19
253.96,14.517,2.7582,12
254.01,22.536,2.7043,12
254.06,22.536,2.7043,12
254.11,22.536,2.7043,12
254.16,22.536,2.7043,12
254.21,22.536,2.7043,12
254.26,22.536,2.7043,12
254.31,22.536,2.7043,12
254.36,22.536,2.7043,12
254.41,22.536,2.7043,12
254.46,22.536,2.7043,12
254.51,22.536,2.7043,12
254.56,22.536,2.7043,12
254.61,22.536,2.7043,12
254.66,22.536,2.7043,12
254.71,22.536,2.7043,12
254.76,22.536,2.7043,12
254.81,22.536,2.7043,12
254.86,22.536,2.7043,12
254.91,22.536,2.7043,12
254.96,22.536,2.7043,12
255.01,22.536,2.7043,12
255.06,22.536,2.7043,12
255.12,22.536,2.7043,12
255.17,22.536,2.7043,12
255.22,22.536,2.7043,12
255.27,22.536,2.7043,12
255.32,22.536,2.7043,12
255.37,22.536,2.7043,12
255.42,22.536,2.7043,12
255.47,22.536,2.7043,12
255.52,22.536,2.7043,12
255.57,22.536,2.7043,12
255.62,22.536,2.7043,12
255.67,22.536,2.7043,12
255.72,22.536,2.7043,12
255.77,22.536,2.7043,12
255.82,22.536,2.7043,12
255.87,22.536,2.7043,12
255.92,22.536,2.7043,12
255.97,22.536,2.7043,12
256.02,22.536,2.7043,12
256.07,22.536,2.7043,12
256.12,22.536,2.7043,12
256.17,22.536,2.7043,23
256.22,17.518,4.0291,23
256.27,17.518,4.0291,23
256.32,17.518,4.0291,23
256.37,17.518,4.0291,23
256.42,17.518,4.0291,23
256.47,17.518,4.0291,23
256.52,17.518,4.0291,23
256.57,17.518,4.0291,23
256.62,17.518,4.0291,23
256.67,17.518,4.0291,23
256.72,17.518,4.0291,23
256.77,17.518,4.0291,23
256.82,17.518,4.0291,23
256.87,17.518,4.0291,23
256.92,17.518,4.0291,23
256.97,17.518,4.0291,23
257.02,17.518,4.0291,23
257.08,17.518,4.0291,23
257.13,17.518,4.0291,23
257.18,17.518,4.0291,23
257.23,17.518,4.0291,23
257.28,17.518,4.0291,23
257.33,17.518,4.0291,23
257.38,17.518,4.0291,23
257.43,17.518,4.0291,23
257.48,17.518,4.0291,23
257.53,17.518,4.0291,23
257.58,17.518,4.0291,36
257.63,48.875,17.595,36
257.68,48.875,17.595,36
257.73,48.875,17.595,36
257.78,48.875,17.595,36
257.83,48.875,17.595,36
257.88,48.875,17.595,36
257.93,48.875,17.595,36
257.98,48.875,17.595,36
258.03,48.875,17.595,36
258.08,48.875,17.595,36
258.13,48.875,17.595,36
258.18,48.875,17.595,36
258.23,48.875,17.595,36
258.28,48.875,17.595,36
258.33,48.875,17.595,36
258.38,48.875,17.595,36
258.44,48.875,17.595,36
258.49,48.875,17.595,36
258.54,48.875,17.595,36
258.59,48.875,17.595,36
258.64,48.875,17.595,36
258.69,48.875,17.595,36
258.74,48.875,17.595,36
258.79,48.875,17.595,36
258.84,48.875,17.595,36
258.89,48.875,17.595,36
258.94,48.875,17.595,36
258.99,48.875,17.595,36
259.04,48.875,17.595,37
259.09,13.885,5.1376,37
259.14,13.885,5.1376,37
259.19,13.885,5.1376,37
259.24,13.885,5.1376,37
259.29,13.885,5.1376,37
259.35,13.885,5.1376,37
259.4,13.885,5.1376,37
259.45,13.885,5.1376,37
259.5,13.885,5.1376,37
259.55,13.885,5.1376,37
259.6,13.885,5.1376,37
259.65,13.885,5.1376,37
259.7,13.885,5.1376,37
259.75,13.885,5.1376,37
259.8,13.885,5.1376,37
259.85,13.885,5.1376,37
259.9,13.885,5.1376,37
259.95,13.885,5.1376,37
260,13.885,5.1376,37
260.05,13.885,5.1376,37
260.1,13.885,5.1376,37
260.15,13.885,5.1376,37
260.2,13.885,5.1376,37
260.25,13.885,5.1376,37
260.3,13.885,5.1376,37
260.35,13.885,5.1376,37
260.4,13.885,5.1376,37
260.45,13.885,5.1376,37
260.5,13.885,5.1376,37
260.55,13.885,5.1376,25
260.6,16.206,4.0514,25
260.65,16.206,4.0514,25
260.71,16.206,4.0514,25
260.76,16.206,4.0514,25
260.81,16.206,4.0514,25
260.86,16.206,4.0514,25
260.91,16.206,4.0514,25
260.96,16.206,4.0514,25
261.01,16.206,4.0514,25
261.06,16.206,4.0514,25
261.11,16.206,4.0514,25
261.16,16.206,4.0514,25
261.21,16.206,4.0514,25
261.26,16.206,4.0514,25
261.31,16.206,4.0514,25
261.36,16.206,4.0514,25
261.41,16.206,4.0514,25
261.46,16.206,4.0514,25
261.51,16.206,4.0514,25
261.56,16.206,4.0514,25
261.61,16.206,4.0514,25
261.66,16.206,4.0514,25
261.71,16.206,4.0514,25
261.76,16.206,4.0514,25
261.81,16.206,4.0514,25
261.86,16.206,4.0514,25
261.91,16.206,4.0514,25
261.96,16.206,4.0514,25
262.01,16.206,4.0514,25
262.06,16.206,4.0514,25
262.11,26.595,6.6487,25
262.16,26.595,6.6487,25
262.21,26.595,6.6487,25
262.26,26.595,6.6487,25
262.31,26.595,6.6487,25
262.37,26.595,6.6487,25
262.41,26.595,6.6487,25
262.47,26.595,6.6487,25
262.52,26.595,6.6487,25
262.57,26.595,6.6487,25
262.62,26.595,6.6487,25
262.67,26.595,6.6487,25
262.72,26.595,6.6487,25
262.77,26.595,6.6487,25
262.82,26.595,6.6487,25
262.87,26.595,6.6487,25
262.92,26.595,6.6487,25
262.97,26.595,6.6487,25
263.02,26.595,6.6487,25
263.07,26.595,6.6487,25
263.12,26.595,6.6487,25
263.17,26.595,6.6487,25
263.22,26.595,6.6487,25
263.27,26.595,6.6487,25
263.32,26.595,6.6487,25
263.37,26.595,6.6487,25
263.42,26.595,6.6487,25
263.48,26.595,6.6487,25
263.53,26.595,6.6487,25
263.58,26.595,6.6487,25
263.63,26.595,6.6487,25
263.68,26.595,6.6487,25
263.73,26.595,6.6487,25
263.78,26.595,6.6487,25
263.83,26.595,6.6487,25
263.88,16.778,5.8724,35
263.94,16.778,5.8724,35
263.99,16.778,5.8724,35
264.04,16.778,5.8724,35
264.09,16.778,5.8724,35
264.14,16.778,5.8724,35
264.19,16.778,5.8724,35
264.24,16.778,5.8724,35
264.29,16.778,5.8724,35
264.34,16.778,5.8724,35
264.39,16.778,5.8724,35
264.44,16.778,5.8724,35
264.49,16.778,5.8724,35
264.54,16.778,5.8724,35
264.59,16.778,5.8724,35
264.64,16.778,5.8724,35
264.69,16.778,5.8724,35
264.74,16.778,5.8724,35
264.79,16.778,5.8724,35
264.84,16.778,5.8724,35
264.89,16.778,5.8724,35
264.94,16.778,5.8724,35
264.99,16.778,5.8724,35
265.04,16.778,5.8724,35
265.09,16.778,5.8724,35
265.14,16.778,5.8724,35
265.19,16.778,5.8724,35
265.24,16.778,5.8724,35
265.29,16.778,5.8724,35
265.35,16.778,5.8724,35
265.4,16.778,5.8724,35
265.45,16.778,5.8724,35
265.5,16.778,5.8724,35
265.55,16.778,5.8724,35
265.6,16.778,5.8724,35
265.65,16.778,5.8724,35
265.7,16.778,5.8724,35
265.75,16.778,5.8724,35
265.8,16.778,5.8724,35
265.85,16.778,5.8724,28
265.9,25.711,7.199,28
265.95,25.711,7.199,28
266,25.711,7.199,28
266.05,25.711,7.199,28
266.1,25.711,7.199,28
266.15,25.711,7.199,28
266.2,25.711,7.199,28
266.25,25.711,7.199,28
266.3,25.711,7.199,28
266.35,25.711,7.199,28
266.41,25.711,7.199,28
266.46,25.711,7.199,28
266.51,25.711,7.199,28
266.56,25.711,7.199,28
266.61,25.711,7.199,28
266.66,25.711,7.199,28
266.71,25.711,7.199,28
266.76,25.711,7.199,28
266.81,25.711,7.199,28
266.86,25.711,7.199,28
266.91,25.711,7.199,28
266.96,25.711,7.199,28
267.01,25.711,7.199,28
267.06,25.711,7.199,28
267.12,25.711,7.199,28
267.16,25.711,7.199,28
267.21,25.711,7.199,28
267.26,25.711,7.199,28
267.31,25.711,7.199,28
267.36,25.711,7.199,28
267.41,25.711,7.199,23
267.46,14.935,3.435,23
267.51,14.935,3.435,23
267.57,14.935,3.435,23
267.62,14.935,3.435,23
267.67,14.935,3.435,23
267.72,14.935,3.435,23
267.77,14.935,3.435,23
267.82,14.935,3.435,23
267.87,14.935,3.435,23
267.92,14.935,3.435,23
267.97,14.935,3.435,23
268.02,14.935,3.435,23
268.07,14.935,3.435,23
268.12,14.935,3.435,23
268.17,14.935,3.435,23
268.22,14.935,3.435,23
268.27,14.935,3.435,23
268.33,14.935,3.435,23
268.38,14.935,3.435,23
268.43,14.935,3.435,23
268.48,14.935,3.435,23
268.53,14.935,3.435,23
268.58,14.935,3.435,23
268.63,14.935,3.435,23
268.68,14.935,3.435,23
268.73,14.935,3.435,23
268.78,14.935,3.435,23
268.83,14.935,3.435,23
268.88,14.935,3.435,23
268.93,14.935,3.435,23
268.98,14.935,3.435,23
269.03,14.935,3.435,23
269.08,14.935,3.435,23
269.13,14.935,3.435,25
269.19,18.483,4.6208,25
269.24,18.483,4.6208,25
269.29,18.483,4.6208,25
269.34,18.483,4.6208,25
269.39,18.483,4.6208,25
269.44,18.483,4.6208,25
269.49,18.483,4.6208,25
269.54,18.483,4.6208,25
269.59,18.483,4.6208,25
269.64,18.483,4.6208,25
269.69,18.483,4.6208,25
269.74,18.483,4.6208,25
269.79,18.483,4.6208,25
269.84,18.483,4.6208,25
269.89,18.483,4.6208,25
269.94,18.483,4.6208,25
269.99,18.483,4.6208,25
270.04,18.483,4.6208,25
270.09,18.483,4.6208,25
270.14,18.483,4.6208,25
270.2,18.483,4.6208,25
270.25,18.483,4.6208,25
270.3,18.483,4.6208,25
270.35,18.483,4.6208,25
270.4,18.483,4.6208,25
270.45,18.483,4.6208,25
270.5,18.483,4.6208,25
270.55,18.483,4.6208,25
270.6,18.483,4.6208,25
270.65,18.483,4.6208,25
270.7,18.483,4.6208,26
270.75,13.456,3.4985,26
270.8,13.456,3.4985,26
270.85,13.456,3.4985,26
270.9,13.456,3.4985,26
270.95,13.456,3.4985,26
271,13.456,3.4985,26
271.06,13.456,3.4985,26
271.11,13.456,3.4985,26
271.16,13.456,3.4985,26
271.21,13.456,3.4985,26
271.26,13.456,3.4985,26
271.31,13.456,3.4985,26
271.36,13.456,3.4985,26
271.41,13.456,3.4985,26
271.46,13.456,3.4985,26
271.51,13.456,3.4985,26
271.56,13.456,3.4985,26
271.61,13.456,3.4985,26
271.66,13.456,3.4985,26
271.71,13.456,3.4985,26
271.76,13.456,3.4985,26
271.81,13.456,3.4985,26
271.86,13.456,3.4985,26
271.91,13.456,3.4985,26
271.96,13.456,3.4985,26
272.02,13.456,3.4985,26
272.07,13.456,3.4985,26
272.12,13.456,3.4985,26
272.17,13.456,3.4985,26
272.22,13.456,3.4985,26
272.27,13.456,3.4985,26
272.32,13.456,3.4985,15
272.37,13.456,3.4985,15
272.42,25.681,3.8521,15
272.47,25.681,3.8521,15
272.52,25.681,3.8521,15
272.57,25.681,3.8521,15
272.62,25.681,3.8521,15
272.67,25.681,3.8521,15
272.72,25.681,3.8521,15
272.77,25.681,3.8521,15
272.82,25.681,3.8521,15
272.87,25.681,3.8521,15
272.92,25.681,3.8521,15
272.97,25.681,3.8521,15
273.02,25.681,3.8521,15
273.07,25.681,3.8521,15
273.12,25.681,3.8521,15
273.17,25.681,3.8521,15
273.22,25.681,3.8521,15
273.28,25.681,3.8521,15
273.33,25.681,3.8521,15
273.38,25.681,3.8521,15
273.43,25.681,3.8521,15
273.48,25.681,3.8521,15
273.53,25.681,3.8521,15
273.58,25.681,3.8521,15
273.63,25.681,3.8521,15
273.68,25.681,3.8521,15
273.73,25.681,3.8521,15
273.78,25.681,3.8521,15
273.83,25.413,5.845,23
273.88,25.413,5.845,23
273.93,25.413,5.845,23
273.98,25.413,5.845,23
274.03,25.413,5.845,23
274.08,25.413,5.845,23
274.13,25.413,5.845,23
274.18,25.413,5.845,23
274.23,25.413,5.845,23
274.28,25.413,5.845,23
274.33,25.413,5.845,23
274.38,25.413,5.845,23
274.43,25.413,5.845,23
274.48,25.413,5.845,23
274.53,25.413,5.845,23
274.59,25.413,5.845,23
274.64,25.413,5.845,23
274.69,25.413,5.845,23
274.74,25.413,5.845,23
274.79,25.413,5.845,23
274.84,25.413,5.845,23
274.89,25.413,5.845,23
274.94,25.413,5.845,23
274.99,25.413,5.845,23
275.04,25.413,5.845,23
275.09,25.413,5.845,23
275.14,25.413,5.845,23
275.2,25.413,5.845,23
275.25,25.413,5.845,23
275.3,25.413,5.845,35
275.35,17.893,6.2625,35
275.4,17.893,6.2625,35
275.45,17.893,6.2625,35
275.5,17.893,6.2625,35
275.55,17.893,6.2625,35
275.6,17.893,6.2625,35
275.65,17.893,6.2625,35
275.7,17.893,6.2625,35
275.75,17.893,6.2625,35
275.8,17.893,6.2625,35
275.85,17.893,6.2625,35
275.9,17.893,6.2625,35
275.95,17.893,6.2625,35
276,17.893,6.2625,35
276.05,17.893,6.2625,35
276.1,17.893,6.2625,35
276.15,17.893,6.2625,35
276.2,17.893,6.2625,35
276.25,17.893,6.2625,35
276.3,17.893,6.2625,35
276.35,17.893,6.2625,35
276.4,17.893,6.2625,35
276.45,17.893,6.2625,35
276.5,17.893,6.2625,35
276.55,17.893,6.2625,35
276.6,17.893,6.2625,35
276.65,17.893,6.2625,29
276.7,17.893,6.2625,29
276.75,21.327,6.185,29
276.8,21.327,6.185,29
276.85,21.327,6.185,29
276.9,21.327,6.185,29
276.95,21.327,6.185,29
277,21.327,6.185,29
277.05,21.327,6.185,29
277.1,21.327,6.185,29
277.15,21.327,6.185,29
277.2,21.327,6.185,29
277.25,21.327,6.185,29
277.31,21.327,6.185,29
277.36,21.327,6.185,29
277.41,21.327,6.185,29
277.46,21.327,6.185,29
277.51,21.327,6.185,29
277.56,21.327,6.185,29
277.61,21.327,6.185,29
277.66,21.327,6.185,29
277.71,21.327,6.185,29
277.76,21.327,6.185,29
277.81,21.327,6.185,29
277.86,21.327,6.185,29
277.91,21.327,6.185,29
277.96,21.327,6.185,29
278.01,21.327,6.185,29
278.06,21.327,6.185,15
278.11,28.186,4.2279,15
278.16,28.186,4.2279,15
278.21,28.186,4.2279,15
278.26,28.186,4.2279,15
278.31,28.186,4.2279,15
278.36,28.186,4.2279,15
278.41,28.186,4.2279,15
278.46,28.186,4.2279,15
278.51,28.186,4.2279,15
278.57,28.186,4.2279,15
278.62,28.186,4.2279,15
278.67,28.186,4.2279,15
278.72,28.186,4.2279,15
278.77,28.186,4.2279,15
278.82,28.186,4.2279,15
278.87,28.186,4.2279,15
278.92,28.186,4.2279,15
278.97,28.186,4.2279,15
279.02,28.186,4.2279,15
279.07,28.186,4.2279,15
279.12,28.186,4.2279,15
279.17,28.186,4.2279,15
279.22,28.186,4.2279,15
279.27,28.186,4.2279,15
279.32,28.186,4.2279,15
279.37,28.186,4.2279,15
279.42,28.186,4.2279,15
279.47,28.186,4.2279,14
279.52,31.663,4.4329,14
279.57,31.663,4.4329,14
279.62,31.663,4.4329,14
279.68,31.663,4.4329,14
279.73,31.663,4.4329,14
279.78,31.663,4.4329,14
279.83,31.663,4.4329,14
279.88,31.663,4.4329,14
279.93,31.663,4.4329,14
279.98,31.663,4.4329,14
280.03,31.663,4.4329,14
280.08,31.663,4.4329,14
280.13,31.663,4.4329,14
280.18,31.663,4.4329,14
280.23,31.663,4.4329,14
280.28,31.663,4.4329,14
280.33,31.663,4.4329,14
280.38,31.663,4.4329,14
280.43,31.663,4.4329,14
280.48,31.663,4.4329,14
280.53,31.663,4.4329,14
280.58,31.663,4.4329,14
280.63,31.663,4.4329,14
280.68,31.663,4.4329,14
280.73,31.663,4.4329,14
280.78,31.663,4.4329,14
280.83,31.663,4.4329,14
280.88,31.663,4.4329,14
280.93,31.663,4.4329,14
280.98,31.663,4.4329,14
281.03,31.663,4.4329,14
281.08,31.663,4.4329,14
281.13,31.663,4.4329,14
281.18,27.926,6.9815,25
281.23,27.926,6.9815,25
281.28,27.926,6.9815,25
281.33,27.926,6.9815,25
281.39,27.926,6.9815,25
281.44,27.926,6.9815,25
281.49,27.926,6.9815,25
281.54,27.926,6.9815,25
281.59,27.926,6.9815,25
281.64,27.926,6.9815,25
281.69,27.926,6.9815,25
281.74,27.926,6.9815,25
281.79,27.926,6.9815,25
281.84,27.926,6.9815,25
281.89,27.926,6.9815,25
281.94,27.926,6.9815,25
281.99,27.926,6.9815,25
282.04,27.926,6.9815,25
282.09,27.926,6.9815,25
282.14,27.926,6.9815,25
282.19,27.926,6.9815,25
282.24,27.926,6.9815,25
282.29,27.926,6.9815,25
282.34,27.926,6.9815,25
282.39,27.926,6.9815,25
282.44,27.926,6.9815,25
282.5,18.874,4.9072,26
282.55,18.874,4.9072,26
282.6,18.874,4.9072,26
282.65,18.874,4.9072,26
282.7,18.874,4.9072,26
282.75,18.874,4.9072,26
282.8,18.874,4.9072,26
282.85,18.874,4.9072,26
282.9,18.874,4.9072,26
282.95,18.874,4.9072,26
283,18.874,4.9072,26
283.05,18.874,4.9072,26
283.1,18.874,4.9072,26
283.15,18.874,4.9072,26
283.2,18.874,4.9072,26
283.25,18.874,4.9072,26
283.3,18.874,4.9072,26
283.35,18.874,4.9072,26
283.4,18.874,4.9072,26
283.45,18.874,4.9072,26
283.5,18.874,4.9072,26
283.55,18.874,4.9072,26
283.6,18.874,4.9072,26
283.65,18.874,4.9072,26
283.7,18.874,4.9072,26
283.75,18.874,4.9072,26
283.8,18.874,4.9072,26
283.86,18.874,4.9072,26
283.91,18.874,4.9072,26
283.96,18.874,4.9072,26
284.01,18.874,4.9072,26
284.06,18.874,4.9072,19
284.11,18.874,4.9072,19
284.16,22.582,4.2905,19
284.21,22.582,4.2905,19
284.26,22.582,4.2905,19
284.31,22.582,4.2905,19
284.36,22.582,4.2905,19
284.41,22.582,4.2905,19
284.46,22.582,4.2905,19
284.51,22.582,4.2905,19
284.56,22.582,4.2905,19
284.62,22.582,4.2905,19
284.67,22.582,4.2905,19
284.72,22.582,4.2905,19
284.77,22.582,4.2905,19
284.82,22.582,4.2905,19
284.87,22.582,4.2905,19
284.92,22.582,4.2905,19
284.97,22.582,4.2905,19
285.02,22.582,4.2905,19
285.07,22.582,4.2905,19
285.12,22.582,4.2905,19
285.17,22.582,4.2905,19
285.23,22.582,4.2905,19
285.28,22.582,4.2905,19
285.33,22.582,4.2905,19
285.38,22.582,4.2905,19
285.43,22.582,4.2905,19
285.48,22.582,4.2905,19
285.53,22.582,4.2905,19
285.58,22.582,4.2905,19
285.63,22.582,4.2905,24
285.68,25.033,6.008,24
285.73,25.033,6.008,24
285.78,25.033,6.008,24
285.83,25.033,6.008,24
285.88,25.033,6.008,24
285.93,25.033,6.008,24
285.98,25.033,6.008,24
286.03,25.033,6.008,24
286.09,25.033,6.008,24
286.14,25.033,6.008,24
286.19,25.033,6.008,24
286.24,25.033,6.008,24
286.29,25.033,6.008,24
286.34,25.033,6.008,24
286.39,25.033,6.008,24
286.44,25.033,6.008,24
286.49,25.033,6.008,24
286.54,25.033,6.008,24
286.59,25.033,6.008,24
286.64,25.033,6.008,24
286.69,25.033,6.008,24
286.74,25.033,6.008,24
286.79,25.033,6.008,24
286.84,25.033,6.008,24
286.89,25.033,6.008,24
286.94,25.033,6.008,24
286.99,25.033,6.008,24
287.04,25.033,6.008,24
287.09,25.033,6.008,24
287.14,25.033,6.008,24
287.19,25.033,6.008,24
287.24,25.033,6.008,24
287.29,25.033,6.008,24
287.34,25.033,6.008,24
287.39,25.033,6.008,24
287.44,25.033,6.008,24
287.49,25.033,6.008,24
287.54,25.033,6.008,24
287.59,25.033,6.008,24
287.64,25.033,6.008,24
287.69,25.033,6.008,23
287.74,23.695,5.4499,23
287.79,23.695,5.4499,23
287.84,23.695,5.4499,23
287.9,23.695,5.4499,23
287.95,23.695,5.4499,23
288,23.695,5.4499,23
288.05,23.695,5.4499,23
288.1,23.695,5.4499,23
288.15,23.695,5.4499,23
288.2,23.695,5.4499,23
288.25,23.695,5.4499,23
288.3,23.695,5.4499,23
288.35,23.695,5.4499,23
288.4,23.695,5.4499,23
288.45,23.695,5.4499,23
288.5,23.695,5.4499,23
288.55,23.695,5.4499,23
288.6,23.695,5.4499,23
288.65,23.695,5.4499,23
288.7,23.695,5.4499,23
288.76,23.695,5.4499,23
288.81,23.695,5.4499,23
288.86,23.695,5.4499,23
288.91,23.695,5.4499,23
288.96,23.695,5.4499,23
289.01,23.695,5.4499,23
289.06,23.695,5.4499,23
289.11,23.695,5.4499,23
289.16,20.482,3.2771,16
289.21,20.482,3.2771,16
289.26,20.482,3.2771,16
289.31,20.482,3.2771,16
289.36,20.482,3.2771,16
289.41,20.482,3.2771,16
289.46,20.482,3.2771,16
289.51,20.482,3.2771,16
289.56,20.482,3.2771,16
289.61,20.482,3.2771,16
289.66,20.482,3.2771,16
289.71,20.482,3.2771,16
289.76,20.482,3.2771,16
289.81,20.482,3.2771,16
289.86,20.482,3.2771,16
289.91,20.482,3.2771,16
289.96,20.482,3.2771,16
290.01,20.482,3.2771,16
290.06,20.482,3.2771,16
290.11,20.482,3.2771,16
290.16,20.482,3.2771,16
290.21,20.482,3.2771,16
290.26,20.482,3.2771,16
290.32,20.482,3.2771,16
290.37,20.482,3.2771,16
290.42,20.482,3.2771,16
290.47,20.482,3.2771,16
290.52,20.482,3.2771,16
290.57,20.482,3.2771,16
290.62,20.482,3.2771,16
290.67,20.482,3.2771,16
290.72,20.482,3.2771,23
290.77,17.299,3.9787,23
290.82,17.299,3.9787,23
290.87,17.299,3.9787,23
290.92,17.299,3.9787,23
290.97,17.299,3.9787,23
291.02,17.299,3.9787,23
291.07,17.299,3.9787,23
291.12,17.299,3.9787,23
291.17,17.299,3.9787,23
291.22,17.299,3.9787,23
291.27,17.299,3.9787,23
291.32,17.299,3.9787,23
291.37,17.299,3.9787,23
291.42,17.299,3.9787,23
291.48,17.299,3.9787,23
291.53,17.299,3.9787,23
291.58,17.299,3.9787,23
291.63,17.299,3.9787,23
291.68,17.299,3.9787,23
291.73,17.299,3.9787,23
291.78,17.299,3.9787,23
291.83,17.299,3.9787,23
291.88,17.299,3.9787,23
291.93,17.299,3.9787,23
291.98,17.299,3.9787,23
292.03,17.299,3.9787,23
292.08,17.299,3.9787,19
292.13,27.982,5.3166,19
292.18,27.982,5.3166,19
292.23,27.982,5.3166,19
292.28,27.982,5.3166,19
292.33,27.982,5.3166,19
292.38,27.982,5.3166,19
292.43,27.982,5.3166,19
292.48,27.982,5.3166,19
292.54,27.982,5.3166,19
292.59,27.982,5.3166,19
292.64,27.982,5.3166,19
292.69,27.982,5.3166,19
292.74,27.982,5.3166,19
292.79,27.982,5.3166,19
292.84,27.982,5.3166,19
292.89,27.982,5.3166,19
292.94,27.982,5.3166,19
292.99,27.982,5.3166,19
293.04,27.982,5.3166,19
293.09,27.982,5.3166,19
293.14,27.982,5.3166,19
293.19,27.982,5.3166,19
293.25,27.982,5.3166,19
293.3,27.982,5.3166,19
293.35,27.982,5.3166,19
293.4,27.982,5.3166,19
293.45,27.982,5.3166,19
293.5,27.982,5.3166,19
293.55,27.982,5.3166,19
293.6,27.982,5.3166,21
293.65,28.67,6.0207,21
293.7,28.67,6.0207,21
293.75,28.67,6.0207,21
293.8,28.67,6.0207,21
293.85,28.67,6.0207,21
293.9,28.67,6.0207,21
293.95,28.67,6.0207,21
294,28.67,6.0207,21
294.05,28.67,6.0207,21
294.1,28.67,6.0207,21
294.15,28.67,6.0207,21
294.2,28.67,6.0207,21
294.25,28.67,6.0207,21
294.3,28.67,6.0207,21
294.35,28.67,6.0207,21
294.4,28.67,6.0207,21
294.45,28.67,6.0207,21
294.5,28.67,6.0207,21
294.55,28.67,6.0207,21
294.6,28.67,6.0207,21
294.65,28.67,6.0207,21
294.7,28.67,6.0207,21
294.75,28.67,6.0207,21
294.8,28.67,6.0207,21
294.85,28.67,6.0207,21
294.96,28.67,6.0207,21
294.97,28.67,6.0207,21
295.02,28.67,6.0207,21
295.08,28.67,6.0207,21
295.13,28.67,6.0207,21
295.18,28.67,6.0207,21
295.23,28.67,6.0207,21
295.28,28.67,6.0207,21
295.33,28.67,6.0207,21
295.38,28.67,6.0207,21
295.43,28.67,6.0207,35
295.48,28.67,6.0207,35
295.53,17.254,6.0388,35
295.58,17.254,6.0388,35
295.63,17.254,6.0388,35
295.68,17.254,6.0388,35
295.73,17.254,6.0388,35
295.78,17.254,6.0388,35
295.83,17.254,6.0388,35
295.88,17.254,6.0388,35
295.93,17.254,6.0388,35
295.98,17.254,6.0388,35
296.03,17.254,6.0388,35
296.08,17.254,6.0388,35
296.13,17.254,6.0388,35
296.18,17.254,6.0388,35
296.24,17.254,6.0388,35
296.29,17.254,6.0388,35
296.34,17.254,6.0388,35
296.39,17.254,6.0388,35
296.44,17.254,6.0388,35
296.49,17.254,6.0388,35
296.54,17.254,6.0388,35
296.59,17.254,6.0388,35
296.64,17.254,6.0388,35
296.69,17.254,6.0388,35
296.74,17.254,6.0388,35
296.79,17.254,6.0388,35
296.84,17.254,6.0388,35
296.89,17.254,6.0388,35
296.94,17.254,6.0388,35
296.99,17.254,6.0388,35
297.04,17.254,6.0388,35
297.09,17.254,6.0388,35
297.14,17.254,6.0388,35
297.19,17.254,6.0388,35
297.24,17.254,6.0388,35
297.29,17.254,6.0388,35
297.34,17.254,6.0388,35
297.39,17.254,6.0388,29
297.44,17.254,6.0388,29
297.49,21.515,6.2393,29
297.55,21.515,6.2393,29
297.6,21.515,6.2393,29
297.64,21.515,6.2393,29
297.7,21.515,6.2393,29
297.75,21.515,6.2393,29
297.8,21.515,6.2393,29
297.85,21.515,6.2393,29
297.9,21.515,6.2393,29
297.95,21.515,6.2393,29
298,21.515,6.2393,29
298.05,21.515,6.2393,29
298.1,21.515,6.2393,29
298.15,21.515,6.2393,29
298.2,21.515,6.2393,29
298.25,21.515,6.2393,29
298.39,21.515,6.2393,29
298.39,21.515,6.2393,29
298.41,21.515,6.2393,29
298.46,21.515,6.2393,29
298.51,21.515,6.2393,29
298.56,21.515,6.2393,29
298.61,21.515,6.2393,29
298.66,21.515,6.2393,29
298.71,21.515,6.2393,29
298.76,21.515,6.2393,29
298.81,21.515,6.2393,29
298.86,21.515,6.2393,29
298.91,21.515,6.2393,29
298.96,21.515,6.2393,29
299.01,21.515,6.2393,29
299.06,21.515,6.2393,29
299.11,21.515,6.2393,29
299.16,21.515,6.2393,29
299.21,21.515,6.2393,29
299.26,21.515,6.2393,29
299.31,21.515,6.2393,29
299.36,21.515,6.2393,29
299.41,21.515,6.2393,26
299.46,31.476,8.1837,26
299.51,31.476,8.1837,26
299.56,31.476,8.1837,26
299.61,31.476,8.1837,26
299.66,31.476,8.1837,26
299.71,31.476,8.1837,26
299.76,31.476,8.1837,26
299.81,31.476,8.1837,26
299.86,31.476,8.1837,26
299.91,31.476,8.1837,26
299.96,31.476,8.1837,26
300.01,31.476,8.1837,26
300.06,31.476,8.1837,26
300.11,31.476,8.1837,26
300.16,31.476,8.1837,26
300.21,31.476,8.1837,26
300.26,31.476,8.1837,26
300.31,31.476,8.1837,26
300.36,31.476,8.1837,26
300.41,31.476,8.1837,26
300.46,31.476,8.1837,26
300.51,31.476,8.1837,26
300.56,31.476,8.1837,26
300.61,31.476,8.1837,26
300.66,31.476,8.1837,26
300.71,31.476,8.1837,26
300.76,31.476,8.1837,26
300.81,31.476,8.1837,26
300.86,31.476,8.1837,26
300.91,31.476,8.1837,26
300.96,31.476,8.1837,26
301.01,31.476,8.1837,26
301.06,31.476,8.1837,26
301.11,31.476,8.1837,26
301.16,31.476,8.1837,34
301.21,10.989,3.7364,34
301.27,10.989,3.7364,34
301.32,10.989,3.7364,34
301.37,10.989,3.7364,34
301.42,10.989,3.7364,34
301.47,10.989,3.7364,34
301.52,10.989,3.7364,34
301.57,10.989,3.7364,34
301.62,10.989,3.7364,34
301.67,10.989,3.7364,34
301.72,10.989,3.7364,34
301.77,10.989,3.7364,34
301.82,10.989,3.7364,34
301.87,10.989,3.7364,34
301.92,10.989,3.7364,34
301.97,10.989,3.7364,34
302.02,10.989,3.7364,34
302.07,10.989,3.7364,34
302.12,10.989,3.7364,34
302.17,10.989,3.7364,34
302.22,10.989,3.7364,34
302.27,10.989,3.7364,34
302.32,10.989,3.7364,34
302.37,10.989,3.7364,34
302.42,10.989,3.7364,34
302.47,10.989,3.7364,34
302.53,10.989,3.7364,27
302.58,15.152,4.091,27
302.63,15.152,4.091,27
302.68,15.152,4.091,27
302.73,15.152,4.091,27
302.78,15.152,4.091,27
302.83,15.152,4.091,27
302.88,15.152,4.091,27
302.93,15.152,4.091,27
302.98,15.152,4.091,27
303.03,15.152,4.091,27
303.08,15.152,4.091,27
303.13,15.152,4.091,27
303.18,15.152,4.091,27
303.23,15.152,4.091,27
303.28,15.152,4.091,27
303.34,15.152,4.091,27
303.39,15.152,4.091,27
303.44,15.152,4.091,27
303.49,15.152,4.091,27
303.54,15.152,4.091,27
303.59,15.152,4.091,27
303.64,15.152,4.091,27
303.69,15.152,4.091,27
303.74,15.152,4.091,27
303.79,15.152,4.091,27
303.84,15.152,4.091,27
303.89,15.152,4.091,27
303.94,15.152,4.091,27
303.99,15.152,4.091,27
304.04,15.152,4.091,27
304.09,15.152,4.091,27
304.14,15.152,4.091,27
304.19,15.152,4.091,27
304.25,15.152,4.091,20
304.3,16.565,3.3131,20
304.35,16.565,3.3131,20
304.4,16.565,3.3131,20
304.45,16.565,3.3131,20
304.5,16.565,3.3131,20
304.55,16.565,3.3131,20
304.6,16.565,3.3131,20
304.65,16.565,3.3131,20
304.7,16.565,3.3131,20
304.75,16.565,3.3131,20
304.8,16.565,3.3131,20
304.85,16.565,3.3131,20
304.9,16.565,3.3131,20
304.95,16.565,3.3131,20
305,16.565,3.3131,20
305.06,16.565,3.3131,20
305.11,16.565,3.3131,20
305.16,16.565,3.3131,20
305.21,16.565,3.3131,20
305.26,16.565,3.3131,20
305.31,16.565,3.3131,20
305.36,16.565,3.3131,20
305.41,16.565,3.3131,20
305.46,16.565,3.3131,20
305.51,16.565,3.3131,20
305.56,16.565,3.3131,20
305.61,16.565,3.3131,20
305.66,16.565,3.3131,20
305.71,16.565,3.3131,20
305.76,16.565,3.3131,24
305.81,17.123,4.1095,24
305.86,17.123,4.1095,24
305.91,17.123,4.1095,24
305.97,17.123,4.1095,24
306.01,17.123,4.1095,24
306.06,17.123,4.1095,24
306.11,17.123,4.1095,24
306.16,17.123,4.1095,24
306.21,17.123,4.1095,24
306.26,17.123,4.1095,24
306.31,17.123,4.1095,24
306.36,17.123,4.1095,24
306.41,17.123,4.1095,24
306.46,17.123,4.1095,24
306.51,17.123,4.1095,24
306.56,17.123,4.1095,24
306.61,17.123,4.1095,24
306.66,17.123,4.1095,24
306.71,17.123,4.1095,24
306.77,17.123,4.1095,24
306.82,17.123,4.1095,24
306.87,17.123,4.1095,24
306.92,17.123,4.1095,24
306.97,17.123,4.1095,24
307.02,17.123,4.1095,24
307.07,17.123,4.1095,24
307.12,17.123,4.1095,24
307.17,17.123,4.1095,24
307.22,17.123,4.1095,24
307.27,17.123,4.1095,24
307.32,17.123,4.1095,24
307.37,17.123,4.1095,23
307.42,32.977,7.5847,23
307.47,32.977,7.5847,23
307.52,32.977,7.5847,23
307.57,32.977,7.5847,23
307.62,32.977,7.5847,23
307.67,32.977,7.5847,23
307.72,32.977,7.5847,23
307.77,32.977,7.5847,23
307.82,32.977,7.5847,23
307.87,32.977,7.5847,23
307.92,32.977,7.5847,23
307.97,32.977,7.5847,23
308.03,32.977,7.5847,23
308.08,32.977,7.5847,23
308.13,32.977,7.5847,23
308.18,32.977,7.5847,23
308.23,32.977,7.5847,23
308.28,32.977,7.5847,23
308.33,32.977,7.5847,23
308.38,32.977,7.5847,23
308.43,32.977,7.5847,23
308.48,32.977,7.5847,23
308.53,32.977,7.5847,23
308.58,32.977,7.5847,23
308.63,32.977,7.5847,23
308.68,32.977,7.5847,23
308.73,32.977,7.5847,23
308.79,32.977,7.5847,23
308.84,32.977,7.5847,29
308.89,27.543,7.9874,29
308.94,27.543,7.9874,29
308.99,27.543,7.9874,29
309.04,27.543,7.9874,29
309.09,27.543,7.9874,29
309.14,27.543,7.9874,29
309.19,27.543,7.9874,29
309.25,27.543,7.9874,29
309.3,27.543,7.9874,29
309.35,27.543,7.9874,29
309.4,27.543,7.9874,29
309.45,27.543,7.9874,29
309.5,27.543,7.9874,29
309.55,27.543,7.9874,29
309.6,27.543,7.9874,29
309.65,27.543,7.9874,29
309.7,27.543,7.9874,29
309.75,27.543,7.9874,29
309.8,27.543,7.9874,29
309.85,27.543,7.9874,29
309.9,27.543,7.9874,29
309.95,27.543,7.9874,29
310,27.543,7.9874,29
310.05,27.543,7.9874,29
310.1,27.543,7.9874,29
310.15,27.543,7.9874,29
310.2,27.543,7.9874,29
310.25,27.543,7.9874,29
310.3,27.543,7.9874,29
310.35,27.543,7.9874,29
310.4,27.543,7.9874,32
310.45,13.923,4.4553,32
310.5,13.923,4.4553,32
310.55,13.923,4.4553,32
310.6,13.923,4.4553,32
310.65,13.923,4.4553,32
310.7,13.923,4.4553,32
310.75,13.923,4.4553,32
310.8,13.923,4.4553,32
310.85,13.923,4.4553,32
310.9,13.923,4.4553,32
310.95,13.923,4.4553,32
311,13.923,4.4553,32
311.05,13.923,4.4553,32
311.1,13.923,4.4553,32
311.15,13.923,4.4553,32
311.2,13.923,4.4553,32
311.25,13.923,4.4553,32
311.3,13.923,4.4553,32
311.35,13.923,4.4553,32
311.4,13.923,4.4553,32
311.45,13.923,4.4553,32
311.5,13.923,4.4553,32
311.55,13.923,4.4553,32
311.6,13.923,4.4553,32
311.65,13.923,4.4553,32
311.7,13.923,4.4553,32
311.75,13.923,4.4553,32
311.8,13.923,4.4553,32
311.85,13.923,4.4553,32
311.9,23.813,5.2388,22
311.95,23.813,5.2388,22
312,23.813,5.2388,22
312.05,23.813,5.2388,22
312.1,23.813,5.2388,22
312.15,23.813,5.2388,22
312.2,23.813,5.2388,22
312.25,23.813,5.2388,22
312.3,23.813,5.2388,22
312.35,23.813,5.2388,22
312.4,23.813,5.2388,22
312.45,23.813,5.2388,22
312.5,23.813,5.2388,22
312.56,23.813,5.2388,22
312.6,23.813,5.2388,22
312.66,23.813,5.2388,22
312.71,23.813,5.2388,22
312.76,23.813,5.2388,22
312.81,23.813,5.2388,22
312.86,23.813,5.2388,22
312.91,23.813,5.2388,22
312.96,23.813,5.2388,22
313.01,23.813,5.2388,22
313.06,23.813,5.2388,22
313.11,23.813,5.2388,22
313.16,23.813,5.2388,22
313.21,23.813,5.2388,22
313.26,23.813,5.2388,20
313.31,23.813,5.2388,20
313.36,34.602,6.9203,20
313.41,34.602,6.9203,20
313.46,34.602,6.9203,20
313.51,34.602,6.9203,20
313.56,34.602,6.9203,20
313.61,34.602,6.9203,20
313.66,34.602,6.9203,20
313.71,34.602,6.9203,20
313.76,34.602,6.9203,20
313.81,34.602,6.9203,20
313.86,34.602,6.9203,20
313.91,34.602,6.9203,20
313.96,34.602,6.9203,20
314.01,34.602,6.9203,20
314.06,34.602,6.9203,20
314.11,34.602,6.9203,20
314.16,34.602,6.9203,20
314.21,34.602,6.9203,20
314.26,34.602,6.9203,20
314.31,34.602,6.9203,20
314.36,34.602,6.9203,20
314.41,34.602,6.9203,20
314.46,34.602,6.9203,20
314.51,34.602,6.9203,20
314.56,34.602,6.9203,20
314.61,34.602,6.9203,20
314.66,34.602,6.9203,20
314.71,34.602,6.9203,20
314.76,34.602,6.9203,20
314.81,34.602,6.9203,20
314.86,34.602,6.9203,20
314.91,34.602,6.9203,20
314.96,34.602,6.9203,20
315.01,34.602,6.9203,20
315.06,21.96,4.392,20
315.11,21.96,4.392,20
315.16,21.96,4.392,20
315.21,21.96,4.392,20
315.26,21.96,4.392,20
315.31,21.96,4.392,20
315.36,21.96,4.392,20
315.41,21.96,4.392,20
315.46,21.96,4.392,20
315.51,21.96,4.392,20
315.56,21.96,4.392,20
315.61,21.96,4.392,20
315.66,21.96,4.392,20
315.71,21.96,4.392,20
315.76,21.96,4.392,20
315.81,21.96,4.392,20
315.86,21.96,4.392,20
315.91,21.96,4.392,20
315.96,21.96,4.392,20
316.01,21.96,4.392,20
316.06,21.96,4.392,20
316.11,21.96,4.392,20
316.17,21.96,4.392,20
316.21,21.96,4.392,20
316.26,21.96,4.392,20
316.31,21.96,4.392,20
316.36,21.96,4.392,20
316.41,21.96,4.392,20
316.47,21.96,4.392,13
316.52,22.105,2.8737,13
316.57,22.105,2.8737,13
316.62,22.105,2.8737,13
316.67,22.105,2.8737,13
316.72,22.105,2.8737,13
316.77,22.105,2.8737,13
316.82,22.105,2.8737,13
316.87,22.105,2.8737,13
316.92,22.105,2.8737,13
316.97,22.105,2.8737,13
317.02,22.105,2.8737,13
317.07,22.105,2.8737,13
317.12,22.105,2.8737,13
317.17,22.105,2.8737,13
317.22,22.105,2.8737,13
317.27,22.105,2.8737,13
317.32,22.105,2.8737,13
317.37,22.105,2.8737,13
317.42,22.105,2.8737,13
317.47,22.105,2.8737,13
317.52,22.105,2.8737,13
317.57,22.105,2.8737,13
317.62,22.105,2.8737,13
317.67,22.105,2.8737,13
317.72,22.105,2.8737,13
317.77,22.105,2.8737,16
317.82,22.4,3.584,16
317.87,22.4,3.584,16
317.92,22.4,3.584,16
317.97,22.4,3.584,16
318.02,22.4,3.584,16
318.07,22.4,3.584,16
318.12,22.4,3.584,16
318.17,22.4,3.584,16
318.22,22.4,3.584,16
318.28,22.4,3.584,16
318.33,22.4,3.584,16
318.38,22.4,3.584,16
318.43,22.4,3.584,16
318.48,22.4,3.584,16
318.53,22.4,3.584,16
318.58,22.4,3.584,16
318.63,22.4,3.584,16
318.68,22.4,3.584,16
318.73,22.4,3.584,16
318.78,22.4,3.584,16
318.83,22.4,3.584,16
318.88,22.4,3.584,16
318.93,22.4,3.584,16
318.98,22.4,3.584,16
319.03,22.4,3.584,16
319.09,22.4,3.584,16
319.14,22.4,3.584,16
319.19,22.4,3.584,16
319.24,22.4,3.584,16
319.29,22.4,3.584,16
319.34,22.4,3.584,16
319.39,22.4,3.584,16
319.44,22.4,3.584,16
319.49,22.4,3.584,16
319.54,22.4,3.584,16
319.59,22.4,3.584,16
319.64,22.4,3.584,16
319.69,22.4,3.584,16
319.74,22.4,3.584,16
319.79,22.4,3.584,16
319.84,22.4,3.584,16
319.89,22.4,3.584,16
319.94,22.4,3.584,16
319.99,22.4,3.584,16
320.04,22.4,3.584,16
320.09,22.4,3.584,16
320.14,22.4,3.584,16
320.19,22.4,3.584,16
320.24,22.4,3.584,27
320.29,11.594,3.1303,27
320.35,11.594,3.1303,27
320.4,11.594,3.1303,27
320.45,11.594,3.1303,27
320.5,11.594,3.1303,27
320.55,11.594,3.1303,27
320.6,11.594,3.1303,27
320.65,11.594,3.1303,27
320.7,11.594,3.1303,27
320.75,11.594,3.1303,27
320.8,11.594,3.1303,27
320.85,11.594,3.1303,27
320.9,11.594,3.1303,27
320.95,11.594,3.1303,27
321,11.594,3.1303,27
321.05,11.594,3.1303,27
321.1,11.594,3.1303,27
321.15,11.594,3.1303,27
321.2,11.594,3.1303,27
321.25,11.594,3.1303,27
321.3,11.594,3.1303,27
321.35,11.594,3.1303,27
321.4,11.594,3.1303,27
321.45,11.594,3.1303,27
321.5,11.594,3.1303,27
321.55,11.594,3.1303,27
321.6,11.594,3.1303,27
321.65,11.594,3.1303,27
321.71,11.594,3.1303,27
321.76,11.594,3.1303,27
321.81,11.594,3.1303,27
321.86,11.594,3.1303,25
321.91,33.686,8.4216,25
321.96,33.686,8.4216,25
322.01,33.686,8.4216,25
322.06,33.686,8.4216,25
322.11,33.686,8.4216,25
322.16,33.686,8.4216,25
322.21,33.686,8.4216,25
322.26,33.686,8.4216,25
322.31,33.686,8.4216,25
322.36,33.686,8.4216,25
322.41,33.686,8.4216,25
322.46,33.686,8.4216,25
322.51,33.686,8.4216,25
322.56,33.686,8.4216,25
322.61,33.686,8.4216,25
322.66,33.686,8.4216,25
322.71,33.686,8.4216,25
322.76,33.686,8.4216,25
322.81,33.686,8.4216,25
322.86,33.686,8.4216,25
322.92,33.686,8.4216,25
322.97,33.686,8.4216,25
323.02,33.686,8.4216,25
323.07,33.686,8.4216,25
323.12,33.686,8.4216,25
323.17,33.686,8.4216,25
323.22,33.686,8.4216,25
323.27,33.686,8.4216,25
323.32,33.686,8.4216,25
323.37,33.686,8.4216,25
323.42,33.686,8.4216,25
323.47,33.686,8.4216,25
323.52,33.686,8.4216,25
323.57,33.686,8.4216,31
323.62,33.686,8.4216,31
323.67,11.678,3.6202,31
323.72,11.678,3.6202,31
323.77,11.678,3.6202,31
323.82,11.678,3.6202,31
323.88,11.678,3.6202,31
323.93,11.678,3.6202,31
323.98,11.678,3.6202,31
324.03,11.678,3.6202,31
324.08,11.678,3.6202,31
324.13,11.678,3.6202,31
324.18,11.678,3.6202,31
324.23,11.678,3.6202,31
324.28,11.678,3.6202,31
324.33,11.678,3.6202,31
324.38,11.678,3.6202,31
324.44,11.678,3.6202,31
324.49,11.678,3.6202,31
324.54,11.678,3.6202,31
324.59,11.678,3.6202,31
324.64,11.678,3.6202,31
324.69,11.678,3.6202,31
324.74,11.678,3.6202,31
324.79,11.678,3.6202,31
324.84,11.678,3.6202,31
324.89,11.678,3.6202,31
324.94,11.678,3.6202,31
324.99,11.678,3.6202,31
325.04,15.699,4.0816,26
325.09,15.699,4.0816,26
325.14,15.699,4.0816,26
325.19,15.699,4.0816,26
325.24,15.699,4.0816,26
325.29,15.699,4.0816,26
325.34,15.699,4.0816,26
325.39,15.699,4.0816,26
325.44,15.699,4.0816,26
325.49,15.699,4.0816,26
325.54,15.699,4.0816,26
325.59,15.699,4.0816,26
325.64,15.699,4.0816,26
325.7,15.699,4.0816,26
325.75,15.699,4.0816,26
325.8,15.699,4.0816,26
325.85,15.699,4.0816,26
325.9,15.699,4.0816,26
325.95,15.699,4.0816,26
326,15.699,4.0816,26
326.05,15.699,4.0816,26
326.1,15.699,4.0816,26
326.15,15.699,4.0816,26
326.2,15.699,4.0816,26
326.25,15.699,4.0816,26
326.3,15.699,4.0816,26
326.35,15.699,4.0816,26
326.4,15.699,4.0816,26
326.45,15.699,4.0816,16
326.5,17.036,2.7258,16
326.55,17.036,2.7258,16
326.61,17.036,2.7258,16
326.65,17.036,2.7258,16
326.7,17.036,2.7258,16
326.75,17.036,2.7258,16
326.8,17.036,2.7258,16
326.85,17.036,2.7258,16
326.9,17.036,2.7258,16
326.95,17.036,2.7258,16
327.01,17.036,2.7258,16
327.06,17.036,2.7258,16
327.11,17.036,2.7258,16
327.16,17.036,2.7258,16
327.21,17.036,2.7258,16
327.26,17.036,2.7258,16
327.31,17.036,2.7258,16
327.36,17.036,2.7258,16
327.41,17.036,2.7258,16
327.46,17.036,2.7258,16
327.51,17.036,2.7258,16
327.56,17.036,2.7258,16
327.61,17.036,2.7258,16
327.66,17.036,2.7258,16
327.71,17.036,2.7258,16
327.77,17.036,2.7258,16
327.82,17.036,2.7258,16
327.87,17.036,2.7258,16
327.92,17.036,2.7258,16
327.97,17.036,2.7258,16
328.02,17.036,2.7258,18
328.07,20.251,3.6452,18
328.12,20.251,3.6452,18
328.17,20.251,3.6452,18
328.22,20.251,3.6452,18
328.27,20.251,3.6452,18
328.32,20.251,3.6452,18
328.37,20.251,3.6452,18
328.42,20.251,3.6452,18
328.47,20.251,3.6452,18
328.52,20.251,3.6452,18
328.57,20.251,3.6452,18
328.63,20.251,3.6452,18
328.68,20.251,3.6452,18
328.73,20.251,3.6452,18
328.78,20.251,3.6452,18
328.83,20.251,3.6452,18
328.88,20.251,3.6452,18
328.93,20.251,3.6452,18
328.98,20.251,3.6452,18
329.03,20.251,3.6452,18
329.08,20.251,3.6452,18
329.13,20.251,3.6452,18
329.18,20.251,3.6452,18
329.23,20.251,3.6452,18
329.28,20.251,3.6452,18
329.33,20.251,3.6452,18
329.38,20.251,3.6452,18
329.43,20.251,3.6452,18
329.48,20.251,3.6452,18
329.53,20.251,3.6452,18
329.58,20.251,3.6452,18
329.63,20.251,3.6452,30
329.68,20.251,3.6452,30
329.73,18.798,5.6394,30
329.78,18.798,5.6394,30
329.83,18.798,5.6394,30
329.88,18.798,5.6394,30
329.93,18.798,5.6394,30
329.98,18.798,5.6394,30
330.03,18.798,5.6394,30
330.08,18.798,5.6394,30
330.14,18.798,5.6394,30
330.19,18.798,5.6394,30
330.24,18.798,5.6394,30
330.29,18.798,5.6394,30
330.34,18.798,5.6394,30
330.39,18.798,5.6394,30
330.44,18.798,5.6394,30
330.49,18.798,5.6394,30
330.54,18.798,5.6394,30
330.59,18.798,5.6394,30
330.64,18.798,5.6394,30
330.69,18.798,5.6394,30
330.74,18.798,5.6394,30
330.79,18.798,5.6394,30
330.84,18.798,5.6394,30
330.89,18.798,5.6394,30
330.95,18.798,5.6394,30
331,18.798,5.6394,30
331.05,18.798,5.6394,27
331.1,13.825,3.7328,27
331.15,13.825,3.7328,27
331.2,13.825,3.7328,27
331.25,13.825,3.7328,27
331.3,13.825,3.7328,27
331.35,13.825,3.7328,27
331.4,13.825,3.7328,27
331.45,13.825,3.7328,27
331.5,13.825,3.7328,27
331.55,13.825,3.7328,27
331.6,13.825,3.7328,27
331.65,13.825,3.7328,27
331.7,13.825,3.7328,27
331.75,13.825,3.7328,27
331.8,13.825,3.7328,27
331.85,13.825,3.7328,27
331.9,13.825,3.7328,27
331.95,13.825,3.7328,27
332,13.825,3.7328,27
332.05,13.825,3.7328,27
332.1,13.825,3.7328,27
332.15,13.825,3.7328,27
332.21,13.825,3.7328,27
332.26,13.825,3.7328,27
332.31,13.825,3.7328,27
332.36,13.825,3.7328,27
332.41,13.825,3.7328,27
332.46,13.825,3.7328,27
332.51,13.825,3.7328,27
332.56,13.825,3.7328,27
332.61,13.825,3.7328,27
332.66,13.825,3.7328,27
332.71,13.825,3.7328,27
332.76,13.825,3.7328,27
332.81,13.825,3.7328,30
332.86,13.307,3.9921,30
332.91,13.307,3.9921,30
332.96,13.307,3.9921,30
333.01,13.307,3.9921,30
333.06,13.307,3.9921,30
333.11,13.307,3.9921,30
333.16,13.307,3.9921,30
333.21,13.307,3.9921,30
333.26,13.307,3.9921,30
333.31,13.307,3.9921,30
333.36,13.307,3.9921,30
333.41,13.307,3.9921,30
333.46,13.307,3.9921,30
333.51,13.307,3.9921,30
333.56,13.307,3.9921,30
333.61,13.307,3.9921,30
333.67,13.307,3.9921,30
333.72,13.307,3.9921,30
333.77,13.307,3.9921,30
333.82,13.307,3.9921,30
333.87,13.307,3.9921,30
333.92,13.307,3.9921,30
333.97,13.307,3.9921,30
334.02,13.307,3.9921,30
334.07,13.307,3.9921,30
334.12,13.307,3.9921,30
334.17,13.307,3.9921,30
334.22,13.307,3.9921,30
334.27,13.307,3.9921,30
334.32,13.307,3.9921,30
334.37,13.307,3.9921,28
334.42,14.461,4.049,28
334.47,14.461,4.049,28
334.52,14.461,4.049,28
334.57,14.461,4.049,28
334.62,14.461,4.049,28
334.67,14.461,4.049,28
334.72,14.461,4.049,28
334.77,14.461,4.049,28
334.82,14.461,4.049,28
334.87,14.461,4.049,28
334.92,14.461,4.049,28
334.98,14.461,4.049,28
335.03,14.461,4.049,28
335.08,14.461,4.049,28
335.13,14.461,4.049,28
335.18,14.461,4.049,28
335.23,14.461,4.049,28
335.28,14.461,4.049,28
335.33,14.461,4.049,28
335.38,14.461,4.049,28
335.43,14.461,4.049,28
335.48,14.461,4.049,28
335.53,14.461,4.049,28
335.59,14.461,4.049,28
335.63,14.461,4.049,28
335.69,14.461,4.049,28
335.74,14.461,4.049,28
335.79,14.461,4.049,28
335.84,14.461,4.049,28
335.89,14.461,4.049,28
335.94,14.461,4.049,31
335.99,14.461,4.049,31
336.04,9.3523,2.8992,31
336.09,9.3523,2.8992,31
336.14,9.3523,2.8992,31
336.19,9.3523,2.8992,31
336.24,9.3523,2.8992,31
336.29,9.3523,2.8992,31
336.34,9.3523,2.8992,31
336.39,9.3523,2.8992,31
336.44,9.3523,2.8992,31
336.49,9.3523,2.8992,31
336.54,9.3523,2.8992,31
336.59,9.3523,2.8992,31
336.64,9.3523,2.8992,31
336.69,9.3523,2.8992,31
336.74,9.3523,2.8992,31
336.79,9.3523,2.8992,31
336.84,9.3523,2.8992,31
336.89,9.3523,2.8992,31
336.95,9.3523,2.8992,31
337,9.3523,2.8992,31
337.05,9.3523,2.8992,31
337.1,9.3523,2.8992,31
337.16,9.3523,2.8992,31
337.2,9.3523,2.8992,31
337.26,9.3523,2.8992,31
337.31,9.3523,2.8992,31
337.36,9.3523,2.8992,31
337.41,9.3523,2.8992,31
337.46,9.3523,2.8992,31
337.51,9.3523,2.8992,31
337.56,9.3523,2.8992,31
337.61,9.3523,2.8992,27
337.66,20.079,5.4214,27
337.71,20.079,5.4214,27
337.76,20.079,5.4214,27
337.81,20.079,5.4214,27
337.86,20.079,5.4214,27
337.91,20.079,5.4214,27
337.96,20.079,5.4214,27
338.01,20.079,5.4214,27
338.06,20.079,5.4214,27
338.11,20.079,5.4214,27
338.16,20.079,5.4214,27
338.21,20.079,5.4214,27
338.26,20.079,5.4214,27
338.32,20.079,5.4214,27
338.37,20.079,5.4214,27
338.42,20.079,5.4214,27
338.47,20.079,5.4214,27
338.52,20.079,5.4214,27
338.57,20.079,5.4214,27
338.62,20.079,5.4214,27
338.67,20.079,5.4214,27
338.72,20.079,5.4214,27
338.77,20.079,5.4214,27
338.82,20.079,5.4214,27
338.87,20.079,5.4214,27
338.92,20.079,5.4214,27
338.97,20.079,5.4214,27
339.02,20.079,5.4214,27
339.07,20.079,5.4214,27
339.12,20.079,5.4214,27
339.17,20.079,5.4214,27
339.22,20.079,5.4214,31
339.27,19.486,6.0408,31
339.32,19.486,6.0408,31
339.37,19.486,6.0408,31
339.42,19.486,6.0408,31
339.47,19.486,6.0408,31
339.52,19.486,6.0408,31
339.57,19.486,6.0408,31
339.62,19.486,6.0408,31
339.67,19.486,6.0408,31
339.72,19.486,6.0408,31
339.77,19.486,6.0408,31
339.82,19.486,6.0408,31
339.87,19.486,6.0408,31
339.92,19.486,6.0408,31
339.97,19.486,6.0408,31
340.02,19.486,6.0408,31
340.08,19.486,6.0408,31
340.13,19.486,6.0408,31
340.18,19.486,6.0408,31
340.23,19.486,6.0408,31
340.28,19.486,6.0408,31
340.33,19.486,6.0408,31
340.39,19.486,6.0408,31
340.44,19.486,6.0408,31
340.49,19.486,6.0408,31
340.54,19.486,6.0408,31
340.59,19.486,6.0408,31
340.64,19.486,6.0408,31
340.69,19.486,6.0408,31
340.74,19.486,6.0408,31
340.79,19.486,6.0408,31
340.84,19.486,6.0408,31
340.89,19.486,6.0408,30
340.94,13.709,4.1127,30
340.99,13.709,4.1127,30
341.04,13.709,4.1127,30
341.09,13.709,4.1127,30
341.14,13.709,4.1127,30
341.19,13.709,4.1127,30
341.24,13.709,4.1127,30
341.29,13.709,4.1127,30
341.34,13.709,4.1127,30
341.39,13.709,4.1127,30
341.44,13.709,4.1127,30
341.49,13.709,4.1127,30
341.54,13.709,4.1127,30
341.59,13.709,4.1127,30
341.64,13.709,4.1127,30
341.7,13.709,4.1127,30
341.74,13.709,4.1127,30
341.8,13.709,4.1127,30
341.85,13.709,4.1127,30
341.9,13.709,4.1127,30
341.95,13.709,4.1127,30
342,13.709,4.1127,30
342.05,13.709,4.1127,30
342.1,13.709,4.1127,30
342.15,13.709,4.1127,30
342.2,13.709,4.1127,30
342.25,13.709,4.1127,30
342.3,13.709,4.1127,30
342.35,13.709,4.1127,30
342.4,13.709,4.1127,30
342.45,13.709,4.1127,30
342.5,13.709,4.1127,30
342.55,13.709,4.1127,30
342.6,13.709,4.1127,22
342.65,43.061,9.4735,22
342.7,43.061,9.4735,22
342.75,43.061,9.4735,22
342.8,43.061,9.4735,22
342.86,43.061,9.4735,22
342.91,43.061,9.4735,22
342.96,43.061,9.4735,22
343.01,43.061,9.4735,22
343.06,43.061,9.4735,22
343.11,43.061,9.4735,22
343.16,43.061,9.4735,22
343.21,43.061,9.4735,22
343.26,43.061,9.4735,22
343.31,43.061,9.4735,22
343.36,43.061,9.4735,22
343.41,43.061,9.4735,22
343.46,43.061,9.4735,22
343.51,43.061,9.4735,22
343.57,43.061,9.4735,22
343.61,43.061,9.4735,22
343.66,43.061,9.4735,22
343.71,43.061,9.4735,22
343.76,43.061,9.4735,22
343.81,43.061,9.4735,22
343.86,43.061,9.4735,22
343.91,43.061,9.4735,22
343.96,43.061,9.4735,22
344.01,43.061,9.4735,22
344.06,43.061,9.4735,22
344.11,43.061,9.4735,29
344.16,15.22,4.4138,29
344.21,15.22,4.4138,29
344.26,15.22,4.4138,29
344.31,15.22,4.4138,29
344.36,15.22,4.4138,29
344.41,15.22,4.4138,29
344.46,15.22,4.4138,29
344.51,15.22,4.4138,29
344.56,15.22,4.4138,29
344.61,15.22,4.4138,29
344.66,15.22,4.4138,29
344.71,15.22,4.4138,29
344.76,15.22,4.4138,29
344.81,15.22,4.4138,29
344.86,15.22,4.4138,29
344.91,15.22,4.4138,29
344.96,15.22,4.4138,29
345.01,15.22,4.4138,29
345.06,15.22,4.4138,29
345.12,15.22,4.4138,29
345.16,15.22,4.4138,29
345.22,15.22,4.4138,29
345.27,15.22,4.4138,29
345.32,15.22,4.4138,29
345.37,15.22,4.4138,29
345.42,15.22,4.4138,29
345.47,15.22,4.4138,29
345.52,15.22,4.4138,29
345.57,15.22,4.4138,29
345.62,15.22,4.4138,29
345.67,15.22,4.4138,29
345.72,15.22,4.4138,29
345.77,15.22,4.4138,29
345.82,15.22,4.4138,24
345.87,26.443,6.3463,24
345.92,26.443,6.3463,24
345.97,26.443,6.3463,24
346.02,26.443,6.3463,24
346.07,26.443,6.3463,24
346.12,26.443,6.3463,24
346.17,26.443,6.3463,24
346.23,26.443,6.3463,24
346.28,26.443,6.3463,24
346.33,26.443,6.3463,24
346.38,26.443,6.3463,24
346.43,26.443,6.3463,24
346.48,26.443,6.3463,24
346.53,26.443,6.3463,24
346.58,26.443,6.3463,24
346.63,26.443,6.3463,24
346.68,26.443,6.3463,24
346.73,26.443,6.3463,24
346.78,26.443,6.3463,24
346.83,26.443,6.3463,24
346.88,26.443,6.3463,24
346.93,26.443,6.3463,24
346.98,26.443,6.3463,24
347.03,26.443,6.3463,24
347.08,26.443,6.3463,24
347.13,26.443,6.3463,24
347.18,26.443,6.3463,24
347.23,26.443,6.3463,30
347.28,13.245,3.9736,30
347.34,13.245,3.9736,30
347.39,13.245,3.9736,30
347.44,13.245,3.9736,30
347.49,13.245,3.9736,30
347.54,13.245,3.9736,30
347.59,13.245,3.9736,30
347.64,13.245,3.9736,30
347.69,13.245,3.9736,30
347.74,13.245,3.9736,30
347.79,13.245,3.9736,30
347.84,13.245,3.9736,30
347.89,13.245,3.9736,30
347.94,13.245,3.9736,30
347.99,13.245,3.9736,30
348.04,13.245,3.9736,30
348.09,13.245,3.9736,30
348.14,13.245,3.9736,30
348.19,13.245,3.9736,30
348.24,13.245,3.9736,30
348.29,13.245,3.9736,30
348.34,13.245,3.9736,30
348.39,13.245,3.9736,30
348.44,13.245,3.9736,30
348.49,13.245,3.9736,30
348.54,13.245,3.9736,30
348.59,13.245,3.9736,30
348.64,13.245,3.9736,30
348.7,13.245,3.9736,30
348.75,13.245,3.9736,30
348.8,13.245,3.9736,30
348.85,13.245,3.9736,30
348.9,13.245,3.9736,24
348.95,19.532,4.6877,24
349,19.532,4.6877,24
349.05,19.532,4.6877,24
349.1,19.532,4.6877,24
349.15,19.532,4.6877,24
349.2,19.532,4.6877,24
349.25,19.532,4.6877,24
349.3,19.532,4.6877,24
349.35,19.532,4.6877,24
349.4,19.532,4.6877,24
349.45,19.532,4.6877,24
349.5,19.532,4.6877,24
349.55,19.532,4.6877,24
349.6,19.532,4.6877,24
349.65,19.532,4.6877,24
349.7,19.532,4.6877,24
349.75,19.532,4.6877,24
349.8,19.532,4.6877,24
349.85,19.532,4.6877,24
349.9,19.532,4.6877,24
349.95,19.532,4.6877,24
350,19.532,4.6877,24
350.05,19.532,4.6877,24
350.1,19.532,4.6877,24
350.16,19.532,4.6877,24
350.21,19.532,4.6877,24
350.26,19.532,4.6877,24
350.31,19.532,4.6877,24
350.36,19.532,4.6877,29
350.41,17.617,5.1089,29
350.46,17.617,5.1089,29
350.51,17.617,5.1089,29
350.57,17.617,5.1089,29
350.62,17.617,5.1089,29
350.67,17.617,5.1089,29
350.72,17.617,5.1089,29
350.77,17.617,5.1089,29
350.82,17.617,5.1089,29
350.87,17.617,5.1089,29
350.92,17.617,5.1089,29
350.98,17.617,5.1089,29
351.03,17.617,5.1089,29
351.08,17.617,5.1089,29
351.13,17.617,5.1089,29
351.18,17.617,5.1089,29
351.23,17.617,5.1089,29
351.28,17.617,5.1089,29
351.33,17.617,5.1089,29
351.38,17.617,5.1089,29
351.43,17.617,5.1089,29
351.48,17.617,5.1089,29
351.53,17.617,5.1089,29
351.58,17.617,5.1089,29
351.63,17.617,5.1089,29
351.68,17.617,5.1089,29
351.73,17.617,5.1089,29
351.78,17.617,5.1089,29
351.83,17.617,5.1089,29
351.88,17.617,5.1089,29
351.93,17.617,5.1089,29
351.98,17.617,5.1089,29
352.03,17.617,5.1089,29
352.08,17.617,5.1089,29
352.13,17.617,5.1089,29
352.18,17.617,5.1089,29
352.23,17.617,5.1089,29
352.28,17.617,5.1089,27
352.33,23.943,6.4646,27
352.38,23.943,6.4646,27
352.43,23.943,6.4646,27
352.48,23.943,6.4646,27
352.53,23.943,6.4646,27
352.58,23.943,6.4646,27
352.63,23.943,6.4646,27
352.68,23.943,6.4646,27
352.73,23.943,6.4646,27
352.78,23.943,6.4646,27
352.83,23.943,6.4646,27
352.88,23.943,6.4646,27
352.93,23.943,6.4646,27
352.98,23.943,6.4646,27
353.03,23.943,6.4646,27
353.08,23.943,6.4646,27
353.13,23.943,6.4646,27
353.18,23.943,6.4646,27
353.23,23.943,6.4646,27
353.28,23.943,6.4646,27
353.33,23.943,6.4646,27
353.38,23.943,6.4646,27
353.43,23.943,6.4646,27
353.48,23.943,6.4646,27
353.54,23.943,6.4646,27
353.59,23.943,6.4646,27
353.63,23.943,6.4646,27
353.68,23.943,6.4646,27
353.74,23.943,6.4646,27
353.79,23.943,6.4646,22
353.84,23.943,6.4646,22
353.89,19.14,4.2108,22
353.94,19.14,4.2108,22
353.99,19.14,4.2108,22
354.04,19.14,4.2108,22
354.09,19.14,4.2108,22
354.14,19.14,4.2108,22
354.19,19.14,4.2108,22
354.24,19.14,4.2108,22
354.29,19.14,4.2108,22
354.34,19.14,4.2108,22
354.39,19.14,4.2108,22
354.44,19.14,4.2108,22
354.49,19.14,4.2108,22
354.54,19.14,4.2108,22
354.59,19.14,4.2108,22
354.64,19.14,4.2108,22
354.69,19.14,4.2108,22
354.74,19.14,4.2108,22
354.79,19.14,4.2108,22
354.84,19.14,4.2108,22
354.89,19.14,4.2108,22
354.94,19.14,4.2108,22
354.99,19.14,4.2108,22
355.04,19.14,4.2108,22
355.09,19.14,4.2108,22
355.15,19.14,4.2108,22
355.2,19.14,4.2108,22
355.25,19.14,4.2108,22
355.3,19.14,4.2108,22
355.35,19.14,4.2108,22
355.4,19.14,4.2108,22
355.45,19.14,4.2108,29
355.5,11.533,3.3446,29
355.55,11.533,3.3446,29
355.6,11.533,3.3446,29
355.65,11.533,3.3446,29
355.7,11.533,3.3446,29
355.75,11.533,3.3446,29
355.8,11.533,3.3446,29
355.86,11.533,3.3446,29
355.91,11.533,3.3446,29
355.96,11.533,3.3446,29
356.01,11.533,3.3446,29
356.06,11.533,3.3446,29
356.11,11.533,3.3446,29
356.16,11.533,3.3446,29
356.21,11.533,3.3446,29
356.26,11.533,3.3446,29
356.31,11.533,3.3446,29
356.36,11.533,3.3446,29
356.41,11.533,3.3446,29
356.46,11.533,3.3446,29
356.51,11.533,3.3446,29
356.56,11.533,3.3446,29
356.61,11.533,3.3446,29
356.66,11.533,3.3446,29
356.71,11.533,3.3446,29
356.76,11.533,3.3446,29
356.81,11.533,3.3446,29
356.86,11.533,3.3446,29
356.91,11.533,3.3446,29
356.96,11.533,3.3446,29
357.01,11.533,3.3446,29
357.06,11.533,3.3446,29
357.11,11.533,3.3446,29
357.16,11.533,3.3446,29
357.21,11.533,3.3446,19
357.26,11.533,3.3446,19
357.31,25.326,4.812,19
357.36,25.326,4.812,19
357.41,25.326,4.812,19
357.46,25.326,4.812,19
357.51,25.326,4.812,19
357.56,25.326,4.812,19
357.61,25.326,4.812,19
357.66,25.326,4.812,19
357.71,25.326,4.812,19
357.76,25.326,4.812,19
357.81,25.326,4.812,19
357.86,25.326,4.812,19
357.92,25.326,4.812,19
357.97,25.326,4.812,19
358.02,25.326,4.812,19
358.07,25.326,4.812,19
358.12,25.326,4.812,19
358.17,25.326,4.812,19
358.22,25.326,4.812,19
358.27,25.326,4.812,19
358.32,25.326,4.812,19
358.37,25.326,4.812,19
358.42,25.326,4.812,19
358.47,25.326,4.812,19
358.52,25.326,4.812,19
358.57,25.326,4.812,19
358.62,25.326,4.812,19
358.67,25.326,4.812,19
358.72,25.326,4.812,19
358.77,25.326,4.812,19
358.82,25.326,4.812,19
358.87,25.326,4.812,19
358.92,25.326,4.812,19
358.97,25.326,4.812,19
359.02,25.326,4.812,19
359.07,25.326,4.812,19
359.12,25.326,4.812,19
359.18,25.326,4.812,19
359.23,25.326,4.812,20
359.28,10.66,2.1319,20
359.33,10.66,2.1319,20
359.38,10.66,2.1319,20
359.43,10.66,2.1319,20
359.48,10.66,2.1319,20
359.53,10.66,2.1319,20
359.58,10.66,2.1319,20
359.63,10.66,2.1319,20
359.68,10.66,2.1319,20
359.73,10.66,2.1319,20
359.78,10.66,2.1319,20
359.83,10.66,2.1319,20
359.88,10.66,2.1319,20
359.93,10.66,2.1319,20
359.98,10.66,2.1319,20
360.03,10.66,2.1319,20
360.09,10.66,2.1319,20
360.14,10.66,2.1319,20
360.19,10.66,2.1319,20
360.24,10.66,2.1319,20
360.29,10.66,2.1319,20
360.34,10.66,2.1319,20
360.39,10.66,2.1319,20
360.44,10.66,2.1319,20
360.49,10.66,2.1319,20
360.54,10.66,2.1319,20
360.59,10.66,2.1319,16
360.64,33.773,5.4037,16
360.69,33.773,5.4037,16
360.74,33.773,5.4037,16
360.79,33.773,5.4037,16
360.84,33.773,5.4037,16
360.89,33.773,5.4037,16
360.94,33.773,5.4037,16
360.99,33.773,5.4037,16
361.05,33.773,5.4037,16
361.1,33.773,5.4037,16
361.15,33.773,5.4037,16
361.2,33.773,5.4037,16
361.25,33.773,5.4037,16
361.3,33.773,5.4037,16
361.35,33.773,5.4037,16
361.4,33.773,5.4037,16
361.45,33.773,5.4037,16
361.5,33.773,5.4037,16
361.55,33.773,5.4037,16
361.6,33.773,5.4037,16
361.65,33.773,5.4037,16
361.7,33.773,5.4037,16
361.75,33.773,5.4037,16
361.8,33.773,5.4037,16
361.85,33.773,5.4037,16
361.9,33.773,5.4037,16
361.95,33.773,5.4037,23
362,31.55,7.2565,23
362.06,31.55,7.2565,23
362.11,31.55,7.2565,23
362.16,31.55,7.2565,23
362.21,31.55,7.2565,23
362.26,31.55,7.2565,23
362.31,31.55,7.2565,23
362.36,31.55,7.2565,23
362.41,31.55,7.2565,23
362.46,31.55,7.2565,23
362.51,31.55,7.2565,23
362.56,31.55,7.2565,23
362.61,31.55,7.2565,23
362.66,31.55,7.2565,23
362.71,31.55,7.2565,23
362.76,31.55,7.2565,23
362.81,31.55,7.2565,23
362.86,31.55,7.2565,23
362.91,31.55,7.2565,23
362.97,31.55,7.2565,23
363.02,31.55,7.2565,23
363.07,31.55,7.2565,23
363.12,31.55,7.2565,23
363.17,31.55,7.2565,23
363.22,31.55,7.2565,23
363.27,31.55,7.2565,23
363.32,31.55,7.2565,23
363.37,31.55,7.2565,32
363.42,31.55,7.2565,32
363.47,31.55,7.2565,32
363.52,15.54,4.9727,32
363.57,15.54,4.9727,32
363.62,15.54,4.9727,32
363.67,15.54,4.9727,32
363.72,15.54,4.9727,32
363.77,15.54,4.9727,32
363.82,15.54,4.9727,32
363.87,15.54,4.9727,32
363.92,15.54,4.9727,32
363.97,15.54,4.9727,32
364.02,15.54,4.9727,32
364.07,15.54,4.9727,32
364.12,15.54,4.9727,32
364.17,15.54,4.9727,32
364.22,15.54,4.9727,32
364.27,15.54,4.9727,32
364.32,15.54,4.9727,32
364.37,15.54,4.9727,32
364.43,15.54,4.9727,32
364.48,15.54,4.9727,32
364.53,15.54,4.9727,32
364.58,15.54,4.9727,32
364.63,15.54,4.9727,32
364.68,15.54,4.9727,32
364.73,15.54,4.9727,32
364.78,15.54,4.9727,32
364.83,15.54,4.9727,32
364.88,15.54,4.9727,32
364.93,15.54,4.9727,32
364.98,15.54,4.9727,32
365.03,15.54,4.9727,25
365.08,26.038,6.5095,25
365.13,26.038,6.5095,25
365.18,26.038,6.5095,25
365.23,26.038,6.5095,25
365.28,26.038,6.5095,25
365.33,26.038,6.5095,25
365.39,26.038,6.5095,25
365.44,26.038,6.5095,25
365.49,26.038,6.5095,25
365.54,26.038,6.5095,25
365.59,26.038,6.5095,25
365.64,26.038,6.5095,25
365.69,26.038,6.5095,25
365.74,26.038,6.5095,25
365.79,26.038,6.5095,25
365.84,26.038,6.5095,25
365.89,26.038,6.5095,25
365.94,26.038,6.5095,25
365.99,26.038,6.5095,25
366.04,26.038,6.5095,25
366.09,26.038,6.5095,25
366.14,26.038,6.5095,25
366.19,26.038,6.5095,25
366.24,26.038,6.5095,25
366.29,26.038,6.5095,25
366.34,26.038,6.5095,25
366.4,26.038,6.5095,25
366.44,26.038,6.5095,25
366.5,26.038,6.5095,26
366.55,26.038,6.5095,26
366.6,27.894,7.2524,26
366.65,27.894,7.2524,26
366.7,27.894,7.2524,26
366.75,27.894,7.2524,26
366.8,27.894,7.2524,26
366.85,27.894,7.2524,26
366.9,27.894,7.2524,26
366.95,27.894,7.2524,26
367,27.894,7.2524,26
367.05,27.894,7.2524,26
367.1,27.894,7.2524,26
367.15,27.894,7.2524,26
367.2,27.894,7.2524,26
367.25,27.894,7.2524,26
367.31,27.894,7.2524,26
367.36,27.894,7.2524,26
367.41,27.894,7.2524,26
367.46,27.894,7.2524,26
367.51,27.894,7.2524,26
367.56,27.894,7.2524,26
367.61,27.894,7.2524,26
367.66,27.894,7.2524,26
367.71,27.894,7.2524,26
367.76,27.894,7.2524,26
367.81,27.894,7.2524,26
367.86,27.894,7.2524,26
367.91,27.894,7.2524,26
367.97,27.894,7.2524,26
368.02,27.894,7.2524,26
368.07,27.894,7.2524,26
368.12,27.894,7.2524,26
368.17,27.894,7.2524,27
368.22,20.324,5.4875,27
368.27,20.324,5.4875,27
368.32,20.324,5.4875,27
368.37,20.324,5.4875,27
368.42,20.324,5.4875,27
368.48,20.324,5.4875,27
368.52,20.324,5.4875,27
368.57,20.324,5.4875,27
368.62,20.324,5.4875,27
368.67,20.324,5.4875,27
368.72,20.324,5.4875,27
368.77,20.324,5.4875,27
368.82,20.324,5.4875,27
368.88,20.324,5.4875,27
368.93,20.324,5.4875,27
368.98,20.324,5.4875,27
369.03,20.324,5.4875,27
369.08,20.324,5.4875,27
369.13,20.324,5.4875,27
369.18,20.324,5.4875,27
369.23,20.324,5.4875,27
369.28,20.324,5.4875,27
369.33,20.324,5.4875,27
369.38,20.324,5.4875,27
369.43,20.324,5.4875,27
369.48,20.324,5.4875,27
369.53,20.324,5.4875,27
369.58,20.324,5.4875,27
369.63,20.324,5.4875,27
369.68,20.324,5.4875,17
369.73,20.324,5.4875,17
369.78,13.458,2.2879,17
369.83,13.458,2.2879,17
369.89,13.458,2.2879,17
369.94,13.458,2.2879,17
369.99,13.458,2.2879,17
370.04,13.458,2.2879,17
370.09,13.458,2.2879,17
370.14,13.458,2.2879,17
370.19,13.458,2.2879,17
370.24,13.458,2.2879,17
370.29,13.458,2.2879,17
370.34,13.458,2.2879,17
370.39,13.458,2.2879,17
370.44,13.458,2.2879,17
370.49,13.458,2.2879,17
370.54,13.458,2.2879,17
370.59,13.458,2.2879,17
370.64,13.458,2.2879,17
370.69,13.458,2.2879,17
370.74,13.458,2.2879,17
370.79,13.458,2.2879,17
370.84,13.458,2.2879,17
370.89,13.458,2.2879,17
370.94,13.458,2.2879,17
371,13.458,2.2879,17
371.05,13.458,2.2879,17
371.1,13.458,2.2879,17
371.15,13.458,2.2879,17
371.2,13.458,2.2879,17
371.25,13.458,2.2879,17
371.3,13.458,2.2879,17
371.35,13.458,2.2879,17
371.4,13.458,2.2879,23
371.45,20.647,4.7488,23
371.5,20.647,4.7488,23
371.55,20.647,4.7488,23
371.6,20.647,4.7488,23
371.65,20.647,4.7488,23
371.7,20.647,4.7488,23
371.75,20.647,4.7488,23
371.8,20.647,4.7488,23
371.85,20.647,4.7488,23
371.9,20.647,4.7488,23
371.95,20.647,4.7488,23
372,20.647,4.7488,23
372.05,20.647,4.7488,23
372.1,20.647,4.7488,23
372.15,20.647,4.7488,23
372.2,20.647,4.7488,23
372.25,20.647,4.7488,23
372.31,20.647,4.7488,23
372.36,20.647,4.7488,23
372.41,20.647,4.7488,23
372.46,20.647,4.7488,23
372.51,20.647,4.7488,23
372.56,20.647,4.7488,23
372.61,20.647,4.7488,23
372.66,20.647,4.7488,23
372.71,20.647,4.7488,23
372.76,20.647,4.7488,23
372.81,20.647,4.7488,23
372.86,20.647,4.7488,23
372.91,20.647,4.7488,38
372.96,46.175,17.546,38
373.01,46.175,17.546,38
373.06,46.175,17.546,38
373.11,46.175,17.546,38
373.16,46.175,17.546,38
373.21,46.175,17.546,38
373.26,46.175,17.546,38
373.31,46.175,17.546,38
373.36,46.175,17.546,38
373.42,46.175,17.546,38
373.47,46.175,17.546,38
373.52,46.175,17.546,38
373.57,46.175,17.546,38
373.62,46.175,17.546,38
373.67,46.175,17.546,38
373.72,46.175,17.546,38
373.77,46.175,17.546,38
373.82,46.175,17.546,38
373.87,46.175,17.546,38
373.92,46.175,17.546,38
373.97,46.175,17.546,38
374.02,46.175,17.546,38
374.07,46.175,17.546,38
374.12,46.175,17.546,38
374.17,46.175,17.546,38
374.22,46.175,17.546,38
374.27,46.175,17.546,38
374.32,46.175,17.546,38
374.37,46.175,17.546,38
374.42,46.175,17.546,38
374.47,46.175,17.546,38
374.52,13.026,4.95,38
374.57,13.026,4.95,38
374.65,13.026,4.95,38
374.68,13.026,4.95,38
374.73,13.026,4.95,38
374.78,13.026,4.95,38
374.83,13.026,4.95,38
374.88,13.026,4.95,38
374.93,13.026,4.95,38
374.98,13.026,4.95,38
375.03,13.026,4.95,38
375.08,13.026,4.95,38
375.13,13.026,4.95,38
375.18,13.026,4.95,38
375.23,13.026,4.95,38
375.28,13.026,4.95,38
375.33,13.026,4.95,38
375.38,13.026,4.95,38
375.43,13.026,4.95,38
375.48,13.026,4.95,38
375.53,13.026,4.95,38
375.59,13.026,4.95,38
375.64,13.026,4.95,38
375.69,13.026,4.95,38
375.74,13.026,4.95,38
375.79,13.026,4.95,38
375.84,13.026,4.95,38
375.89,13.026,4.95,38
375.94,13.026,4.95,31
375.99,15.004,4.6513,31
376.04,15.004,4.6513,31
376.09,15.004,4.6513,31
376.14,15.004,4.6513,31
376.19,15.004,4.6513,31
376.24,15.004,4.6513,31
376.29,15.004,4.6513,31
376.34,15.004,4.6513,31
376.39,15.004,4.6513,31
376.45,15.004,4.6513,31
376.5,15.004,4.6513,31
376.55,15.004,4.6513,31
376.6,15.004,4.6513,31
376.65,15.004,4.6513,31
376.7,15.004,4.6513,31
376.75,15.004,4.6513,31
376.8,15.004,4.6513,31
376.85,15.004,4.6513,31
376.9,15.004,4.6513,31
376.95,15.004,4.6513,31
377,15.004,4.6513,31
377.05,15.004,4.6513,31
377.1,15.004,4.6513,31
377.15,15.004,4.6513,31
377.2,15.004,4.6513,31
377.25,15.004,4.6513,31
377.3,15.004,4.6513,31
377.35,15.004,4.6513,31
377.4,15.004,4.6513,31
377.45,15.004,4.6513,31
377.5,15.004,4.6513,31
377.55,15.004,4.6513,38
377.6,8.5538,3.2504,38
377.65,8.5538,3.2504,38
377.7,8.5538,3.2504,38
377.75,8.5538,3.2504,38
377.8,8.5538,3.2504,38
377.85,8.5538,3.2504,38
377.9,8.5538,3.2504,38
377.95,8.5538,3.2504,38
378,8.5538,3.2504,38
378.05,8.5538,3.2504,38
378.1,8.5538,3.2504,38
378.15,8.5538,3.2504,38
378.2,8.5538,3.2504,38
378.25,8.5538,3.2504,38
378.3,8.5538,3.2504,38
378.35,8.5538,3.2504,38
378.4,8.5538,3.2504,38
378.45,8.5538,3.2504,38
378.5,8.5538,3.2504,38
378.55,8.5538,3.2504,38
378.6,8.5538,3.2504,38
378.66,8.5538,3.2504,38
378.71,8.5538,3.2504,38
378.77,8.5538,3.2504,38
378.81,8.5538,3.2504,38
378.86,8.5538,3.2504,38
378.91,8.5538,3.2504,38
378.96,8.5538,3.2504,26
379.01,21.497,5.5891,26
379.06,21.497,5.5891,26
379.11,21.497,5.5891,26
379.16,21.497,5.5891,26
379.21,21.497,5.5891,26
379.26,21.497,5.5891,26
379.31,21.497,5.5891,26
379.36,21.497,5.5891,26
379.41,21.497,5.5891,26
379.46,21.497,5.5891,26
379.51,21.497,5.5891,26
379.56,21.497,5.5891,26
379.61,21.497,5.5891,26
379.66,21.497,5.5891,26
379.71,21.497,5.5891,26
379.76,21.497,5.5891,26
379.81,21.497,5.5891,26
379.86,21.497,5.5891,26
379.91,21.497,5.5891,26
379.96,21.497,5.5891,26
380.02,21.497,5.5891,26
380.07,21.497,5.5891,26
380.12,21.497,5.5891,26
380.17,21.497,5.5891,26
380.22,21.497,5.5891,26
380.27,21.497,5.5891,26
380.32,21.497,5.5891,26
380.37,21.497,5.5891,26
380.42,21.497,5.5891,26
380.47,21.497,5.5891,26
380.52,21.497,5.5891,24
380.57,30.944,7.4265,24
380.62,30.944,7.4265,24
380.67,30.944,7.4265,24
380.72,30.944,7.4265,24
380.77,30.944,7.4265,24
380.82,30.944,7.4265,24
380.87,30.944,7.4265,24
380.92,30.944,7.4265,24
380.97,30.944,7.4265,24
381.02,30.944,7.4265,24
381.08,30.944,7.4265,24
381.13,30.944,7.4265,24
381.18,30.944,7.4265,24
381.23,30.944,7.4265,24
381.28,30.944,7.4265,24
381.33,30.944,7.4265,24
381.38,30.944,7.4265,24
381.43,30.944,7.4265,24
381.48,30.944,7.4265,24
381.53,30.944,7.4265,24
381.59,30.944,7.4265,24
381.63,30.944,7.4265,24
381.68,30.944,7.4265,24
381.73,30.944,7.4265,24
381.78,30.944,7.4265,24
381.83,30.944,7.4265,24
381.88,30.944,7.4265,24
381.93,30.944,7.4265,33
381.98,30.944,7.4265,33
382.03,35.636,11.76,33
382.09,35.636,11.76,33
382.14,35.636,11.76,33
382.19,35.636,11.76,33
382.24,35.636,11.76,33
382.29,35.636,11.76,33
382.34,35.636,11.76,33
382.4,35.636,11.76,33
382.45,35.636,11.76,33
382.5,35.636,11.76,33
382.55,35.636,11.76,33
382.6,35.636,11.76,33
382.65,35.636,11.76,33
382.7,35.636,11.76,33
382.75,35.636,11.76,33
382.8,35.636,11.76,33
382.85,35.636,11.76,33
382.9,35.636,11.76,33
382.95,35.636,11.76,33
383,35.636,11.76,33
383.05,35.636,11.76,33
383.1,35.636,11.76,33
383.15,35.636,11.76,33
383.2,35.636,11.76,33
383.25,35.636,11.76,33
383.3,35.636,11.76,33
383.35,35.636,11.76,33
383.4,35.636,11.76,33
383.45,35.636,11.76,33
383.5,35.636,11.76,33
383.55,35.636,11.76,33
383.6,35.636,11.76,33
383.65,35.636,11.76,33
383.7,35.636,11.76,33
383.75,35.636,11.76,33
383.81,35.636,11.76,33
383.86,35.636,11.76,33
383.91,35.636,11.76,33
383.96,35.636,11.76,33
384.01,35.636,11.76,33
384.06,13.359,4.5422,34
384.11,13.359,4.5422,34
384.16,13.359,4.5422,34
384.21,13.359,4.5422,34
384.26,13.359,4.5422,34
384.31,13.359,4.5422,34
384.36,13.359,4.5422,34
384.41,13.359,4.5422,34
384.46,13.359,4.5422,34
384.51,13.359,4.5422,34
384.56,13.359,4.5422,34
384.61,13.359,4.5422,34
384.66,13.359,4.5422,34
384.71,13.359,4.5422,34
384.76,13.359,4.5422,34
384.82,13.359,4.5422,34
384.87,13.359,4.5422,34
384.92,13.359,4.5422,34
384.97,13.359,4.5422,34
385.05,13.359,4.5422,34
385.07,13.359,4.5422,34
385.12,13.359,4.5422,34
385.17,13.359,4.5422,34
385.22,13.359,4.5422,34
385.27,13.359,4.5422,34
385.32,13.359,4.5422,34
385.37,13.359,4.5422,34
385.42,13.359,4.5422,34
385.47,13.359,4.5422,34
385.52,13.359,4.5422,22
385.57,22.147,4.8724,22
385.62,22.147,4.8724,22
385.67,22.147,4.8724,22
385.72,22.147,4.8724,22
385.77,22.147,4.8724,22
385.82,22.147,4.8724,22
385.87,22.147,4.8724,22
385.92,22.147,4.8724,22
385.97,22.147,4.8724,22
386.02,22.147,4.8724,22
386.07,22.147,4.8724,22
386.12,22.147,4.8724,22
386.17,22.147,4.8724,22
386.22,22.147,4.8724,22
386.27,22.147,4.8724,22
386.32,22.147,4.8724,22
386.38,22.147,4.8724,22
386.43,22.147,4.8724,22
386.48,22.147,4.8724,22
386.53,22.147,4.8724,22
386.58,22.147,4.8724,22
386.63,22.147,4.8724,22
386.68,22.147,4.8724,22
386.73,22.147,4.8724,22
386.78,22.147,4.8724,22
386.83,22.147,4.8724,22
386.88,22.147,4.8724,15
386.93,22.147,4.8724,15
386.98,24.326,3.6489,15
387.03,24.326,3.6489,15
387.08,24.326,3.6489,15
387.13,24.326,3.6489,15
387.18,24.326,3.6489,15
387.23,24.326,3.6489,15
387.28,24.326,3.6489,15
387.33,24.326,3.6489,15
387.38,24.326,3.6489,15
387.44,24.326,3.6489,15
387.49,24.326,3.6489,15
387.54,24.326,3.6489,15
387.59,24.326,3.6489,15
387.64,24.326,3.6489,15
387.69,24.326,3.6489,15
387.74,24.326,3.6489,15
387.79,24.326,3.6489,15
387.84,24.326,3.6489,15
387.89,24.326,3.6489,15
387.94,24.326,3.6489,15
387.99,24.326,3.6489,15
388.04,24.326,3.6489,15
388.09,24.326,3.6489,15
388.14,24.326,3.6489,15
388.19,24.326,3.6489,15
388.24,24.326,3.6489,15
388.29,24.326,3.6489,15
388.34,24.326,3.6489,15
388.4,24.326,3.6489,20
388.45,26.175,5.235,20
388.5,26.175,5.235,20
388.55,26.175,5.235,20
388.6,26.175,5.235,20
388.65,26.175,5.235,20
388.7,26.175,5.235,20
388.75,26.175,5.235,20
388.8,26.175,5.235,20
388.85,26.175,5.235,20
388.9,26.175,5.235,20
388.95,26.175,5.235,20
389,26.175,5.235,20
389.05,26.175,5.235,20
389.1,26.175,5.235,20
389.15,26.175,5.235,20
389.2,26.175,5.235,20
389.25,26.175,5.235,20
389.3,26.175,5.235,20
389.35,26.175,5.235,20
389.4,26.175,5.235,20
389.45,26.175,5.235,20
389.5,26.175,5.235,20
389.56,26.175,5.235,20
389.61,26.175,5.235,20
389.66,26.175,5.235,20
389.71,26.175,5.235,20
389.76,26.175,5.235,20
389.81,26.175,5.235,20
389.86,26.175,5.235,20
389.91,26.175,5.235,20
389.96,26.175,5.235,20
390.01,26.175,5.235,20
390.06,26.175,5.235,20
390.11,26.175,5.235,20
390.16,26.175,5.235,20
390.21,18.71,4.1163,22
390.26,18.71,4.1163,22
390.31,18.71,4.1163,22
390.36,18.71,4.1163,22
390.41,18.71,4.1163,22
390.46,18.71,4.1163,22
390.51,18.71,4.1163,22
390.56,18.71,4.1163,22
390.61,18.71,4.1163,22
390.66,18.71,4.1163,22
390.71,18.71,4.1163,22
390.76,18.71,4.1163,22
390.81,18.71,4.1163,22
390.87,18.71,4.1163,22
390.92,18.71,4.1163,22
390.97,18.71,4.1163,22
391.02,18.71,4.1163,22
391.07,18.71,4.1163,22
391.12,18.71,4.1163,22
391.17,18.71,4.1163,22
391.22,18.71,4.1163,22
391.27,18.71,4.1163,22
391.32,18.71,4.1163,22
391.37,18.71,4.1163,22
391.42,18.71,4.1163,22
391.47,18.71,4.1163,22
391.52,18.71,4.1163,22
391.57,18.71,4.1163,23
391.62,27.369,6.2948,23
391.67,27.369,6.2948,23
391.72,27.369,6.2948,23
391.78,27.369,6.2948,23
391.82,27.369,6.2948,23
391.87,27.369,6.2948,23
391.92,27.369,6.2948,23
391.97,27.369,6.2948,23
392.02,27.369,6.2948,23
392.07,27.369,6.2948,23
392.13,27.369,6.2948,23
392.18,27.369,6.2948,23
392.23,27.369,6.2948,23
392.28,27.369,6.2948,23
392.33,27.369,6.2948,23
392.38,27.369,6.2948,23
392.43,27.369,6.2948,23
392.48,27.369,6.2948,23
392.53,27.369,6.2948,23
392.58,27.369,6.2948,23
392.63,27.369,6.2948,23
392.68,27.369,6.2948,23
392.73,27.369,6.2948,23
392.78,27.369,6.2948,23
392.83,27.369,6.2948,23
392.88,27.369,6.2948,23
392.93,27.369,6.2948,23
392.98,27.369,6.2948,23
393.04,27.369,6.2948,23
393.09,27.369,6.2948,23
393.14,27.369,6.2948,23
393.19,27.369,6.2948,23
393.24,22.773,4.3269,19
393.29,22.773,4.3269,19
393.34,22.773,4.3269,19
393.39,22.773,4.3269,19
393.44,22.773,4.3269,19
393.49,22.773,4.3269,19
393.54,22.773,4.3269,19
393.59,22.773,4.3269,19
393.64,22.773,4.3269,19
393.69,22.773,4.3269,19
393.74,22.773,4.3269,19
393.79,22.773,4.3269,19
393.84,22.773,4.3269,19
393.89,22.773,4.3269,19
393.94,22.773,4.3269,19
393.99,22.773,4.3269,19
394.04,22.773,4.3269,19
394.09,22.773,4.3269,19
394.14,22.773,4.3269,19
394.19,22.773,4.3269,19
394.24,22.773,4.3269,19
394.29,22.773,4.3269,19
394.34,22.773,4.3269,19
394.39,22.773,4.3269,19
394.44,22.773,4.3269,19
394.49,22.773,4.3269,19
394.54,22.773,4.3269,19
394.59,22.773,4.3269,19
394.64,22.773,4.3269,14
394.69,39.688,5.5563,14
394.75,39.688,5.5563,14
394.8,39.688,5.5563,14
394.85,39.688,5.5563,14
394.9,39.688,5.5563,14
394.95,39.688,5.5563,14
395,39.688,5.5563,14
395.05,39.688,5.5563,14
395.1,39.688,5.5563,14
395.15,39.688,5.5563,14
395.2,39.688,5.5563,14
395.25,39.688,5.5563,14
395.3,39.688,5.5563,14
395.35,39.688,5.5563,14
395.4,39.688,5.5563,14
395.45,39.688,5.5563,14
395.5,39.688,5.5563,14
395.55,39.688,5.5563,14
395.6,39.688,5.5563,14
395.65,39.688,5.5563,14
395.7,39.688,5.5563,14
395.75,39.688,5.5563,14
395.81,39.688,5.5563,14
395.86,39.688,5.5563,14
395.91,39.688,5.5563,14
395.96,39.688,5.5563,14
396.01,39.688,5.5563,14
396.06,39.688,5.5563,14
396.11,39.688,5.5563,14
396.16,39.688,5.5563,14
396.21,39.688,5.5563,14
396.26,39.688,5.5563,14
396.31,17.64,3.8807,22
396.36,17.64,3.8807,22
396.41,17.64,3.8807,22
396.46,17.64,3.8807,22
396.51,17.64,3.8807,22
396.56,17.64,3.8807,22
396.61,17.64,3.8807,22
396.66,17.64,3.8807,22
396.71,17.64,3.8807,22
396.76,17.64,3.8807,22
396.81,17.64,3.8807,22
396.86,17.64,3.8807,22
396.92,17.64,3.8807,22
396.97,17.64,3.8807,22
397.02,17.64,3.8807,22
397.07,17.64,3.8807,22
397.12,17.64,3.8807,22
397.17,17.64,3.8807,22
397.22,17.64,3.8807,22
397.27,17.64,3.8807,22
397.32,17.64,3.8807,22
397.37,17.64,3.8807,22
397.42,17.64,3.8807,22
397.47,17.64,3.8807,22
397.52,17.64,3.8807,22
397.57,17.64,3.8807,22
397.62,17.64,3.8807,22
397.67,17.64,3.8807,22
397.72,17.64,3.8807,22
397.77,17.64,3.8807,17
397.82,18.654,3.1711,17
397.87,18.654,3.1711,17
397.93,18.654,3.1711,17
397.98,18.654,3.1711,17
398.03,18.654,3.1711,17
398.08,18.654,3.1711,17
398.13,18.654,3.1711,17
398.18,18.654,3.1711,17
398.23,18.654,3.1711,17
398.28,18.654,3.1711,17
398.33,18.654,3.1711,17
398.38,18.654,3.1711,17
398.43,18.654,3.1711,17
398.48,18.654,3.1711,17
398.53,18.654,3.1711,17
398.58,18.654,3.1711,17
398.63,18.654,3.1711,17
398.68,18.654,3.1711,17
398.73,18.654,3.1711,17
398.78,18.654,3.1711,17
398.83,18.654,3.1711,17
398.88,18.654,3.1711,17
398.94,18.654,3.1711,17
398.99,18.654,3.1711,17
399.04,18.654,3.1711,17
399.09,18.654,3.1711,17
399.14,18.654,3.1711,17
399.19,18.654,3.1711,17
399.24,18.654,3.1711,17
399.29,18.654,3.1711,17
399.34,18.654,3.1711,23
399.39,20.893,4.8054,23
399.44,20.893,4.8054,23
399.49,20.893,4.8054,23
399.54,20.893,4.8054,23
399.59,20.893,4.8054,23
399.64,20.893,4.8054,23
399.69,20.893,4.8054,23
399.74,20.893,4.8054,23
399.79,20.893,4.8054,23
399.84,20.893,4.8054,23
399.89,20.893,4.8054,23
399.94,20.893,4.8054,23
399.99,20.893,4.8054,23
400.04,20.893,4.8054,23
400.09,20.893,4.8054,23
400.14,20.893,4.8054,23
400.19,20.893,4.8054,23
400.24,20.893,4.8054,23
400.29,20.893,4.8054,23
400.34,20.893,4.8054,23
400.39,20.893,4.8054,23
400.44,20.893,4.8054,23
400.49,20.893,4.8054,23
400.54,20.893,4.8054,23
400.59,20.893,4.8054,23
400.65,20.893,4.8054,23
400.7,20.893,4.8054,23
400.75,20.893,4.8054,23
400.8,20.893,4.8054,23
400.85,20.893,4.8054,23
400.9,20.893,4.8054,36
400.95,20.893,4.8054,36
401,17.598,6.3353,36
401.05,17.598,6.3353,36
401.1,17.598,6.3353,36
401.15,17.598,6.3353,36
401.2,17.598,6.3353,36
401.26,17.598,6.3353,36
401.31,17.598,6.3353,36
401.36,17.598,6.3353,36
401.41,17.598,6.3353,36
401.46,17.598,6.3353,36
401.51,17.598,6.3353,36
401.56,17.598,6.3353,36
401.61,17.598,6.3353,36
401.66,17.598,6.3353,36
401.71,17.598,6.3353,36
401.76,17.598,6.3353,36
401.81,17.598,6.3353,36
401.86,17.598,6.3353,36
401.91,17.598,6.3353,36
401.97,17.598,6.3353,36
402.01,17.598,6.3353,36
402.06,17.598,6.3353,36
402.12,17.598,6.3353,36
402.16,17.598,6.3353,36
402.22,17.598,6.3353,36
402.27,17.598,6.3353,36
402.32,17.598,6.3353,36
402.37,17.598,6.3353,36
402.42,17.598,6.3353,36
402.47,17.598,6.3353,33
402.52,15.641,5.1616,33
402.57,15.641,5.1616,33
402.62,15.641,5.1616,33
402.67,15.641,5.1616,33
402.72,15.641,5.1616,33
402.77,15.641,5.1616,33
402.82,15.641,5.1616,33
402.87,15.641,5.1616,33
402.92,15.641,5.1616,33
402.97,15.641,5.1616,33
403.02,15.641,5.1616,33
403.07,15.641,5.1616,33
403.12,15.641,5.1616,33
403.17,15.641,5.1616,33
403.22,15.641,5.1616,33
403.28,15.641,5.1616,33
403.33,15.641,5.1616,33
403.38,15.641,5.1616,33
403.43,15.641,5.1616,33
403.48,15.641,5.1616,33
403.53,15.641,5.1616,33
403.58,15.641,5.1616,33
403.63,15.641,5.1616,33
403.68,15.641,5.1616,33
403.73,15.641,5.1616,33
403.78,15.641,5.1616,33
403.83,15.641,5.1616,33
403.88,15.641,5.1616,28
403.93,31.854,8.9193,28
403.98,31.854,8.9193,28
404.03,31.854,8.9193,28
404.08,31.854,8.9193,28
404.13,31.854,8.9193,28
404.18,31.854,8.9193,28
404.23,31.854,8.9193,28
404.28,31.854,8.9193,28
404.33,31.854,8.9193,28
404.38,31.854,8.9193,28
404.43,31.854,8.9193,28
404.48,31.854,8.9193,28
404.53,31.854,8.9193,28
404.58,31.854,8.9193,28
404.63,31.854,8.9193,28
404.68,31.854,8.9193,28
404.73,31.854,8.9193,28
404.78,31.854,8.9193,28
404.83,31.854,8.9193,28
404.88,31.854,8.9193,28
404.93,31.854,8.9193,28
404.98,31.854,8.9193,28
405.04,31.854,8.9193,28
405.09,31.854,8.9193,28
405.14,31.854,8.9193,28
405.19,31.854,8.9193,28
405.24,31.854,8.9193,28
405.29,31.854,8.9193,28
405.34,31.854,8.9193,28
405.39,31.854,8.9193,28
405.44,31.854,8.9193,34
405.49,16.742,5.6923,34
405.54,16.742,5.6923,34
405.59,16.742,5.6923,34
405.64,16.742,5.6923,34
405.69,16.742,5.6923,34
405.76,16.742,5.6923,34
405.79,16.742,5.6923,34
405.84,16.742,5.6923,34
405.89,16.742,5.6923,34
405.95,16.742,5.6923,34
406,16.742,5.6923,34
406.05,16.742,5.6923,34
406.1,16.742,5.6923,34
406.15,16.742,5.6923,34
406.2,16.742,5.6923,34
406.25,16.742,5.6923,34
406.3,16.742,5.6923,34
406.35,16.742,5.6923,34
406.4,16.742,5.6923,34
406.45,16.742,5.6923,34
406.5,16.742,5.6923,34
406.55,16.742,5.6923,34
406.6,16.742,5.6923,34
406.65,16.742,5.6923,34
406.7,16.742,5.6923,34
406.76,16.742,5.6923,34
406.81,16.742,5.6923,28
406.86,18.18,5.0905,28
406.91,18.18,5.0905,28
406.96,18.18,5.0905,28
407.01,18.18,5.0905,28
407.06,18.18,5.0905,28
407.11,18.18,5.0905,28
407.16,18.18,5.0905,28
407.21,18.18,5.0905,28
407.26,18.18,5.0905,28
407.32,18.18,5.0905,28
407.37,18.18,5.0905,28
407.42,18.18,5.0905,28
407.47,18.18,5.0905,28
407.52,18.18,5.0905,28
407.57,18.18,5.0905,28
407.62,18.18,5.0905,28
407.67,18.18,5.0905,28
407.72,18.18,5.0905,28
407.77,18.18,5.0905,28
407.82,18.18,5.0905,28
407.88,18.18,5.0905,28
407.93,18.18,5.0905,28
407.98,18.18,5.0905,28
408.03,18.18,5.0905,28
408.08,18.18,5.0905,28
408.13,18.18,5.0905,28
408.18,18.18,5.0905,28
408.23,18.18,5.0905,28
408.28,18.18,5.0905,28
408.33,18.18,5.0905,28
408.38,18.18,5.0905,28
408.44,18.18,5.0905,28
408.49,18.18,5.0905,23
408.54,22.03,5.0669,23
408.59,22.03,5.0669,23
408.64,22.03,5.0669,23
408.69,22.03,5.0669,23
408.74,22.03,5.0669,23
408.79,22.03,5.0669,23
408.84,22.03,5.0669,23
408.89,22.03,5.0669,23
408.94,22.03,5.0669,23
408.99,22.03,5.0669,23
409.05,22.03,5.0669,23
409.1,22.03,5.0669,23
409.15,22.03,5.0669,23
409.2,22.03,5.0669,23
409.25,22.03,5.0669,23
409.3,22.03,5.0669,23
409.35,22.03,5.0669,23
409.4,22.03,5.0669,23
409.45,22.03,5.0669,23
409.5,22.03,5.0669,23
409.55,22.03,5.0669,23
409.6,22.03,5.0669,23
409.65,22.03,5.0669,23
409.7,22.03,5.0669,23
409.75,22.03,5.0669,23
409.8,22.03,5.0669,23
409.85,22.03,5.0669,23
409.9,15.017,3.454,23
409.95,15.017,3.454,23
410,15.017,3.454,23
410.06,15.017,3.454,23
410.11,15.017,3.454,23
410.16,15.017,3.454,23
410.21,15.017,3.454,23
410.26,15.017,3.454,23
410.31,15.017,3.454,23
410.36,15.017,3.454,23
410.41,15.017,3.454,23
410.46,15.017,3.454,23
410.51,15.017,3.454,23
410.56,15.017,3.454,23
410.61,15.017,3.454,23
410.66,15.017,3.454,23
410.71,15.017,3.454,23
410.76,15.017,3.454,23
410.81,15.017,3.454,23
410.86,15.017,3.454,23
410.91,15.017,3.454,23
410.96,15.017,3.454,23
411.01,15.017,3.454,23
411.06,15.017,3.454,23
411.11,15.017,3.454,23
411.16,15.017,3.454,23
411.21,15.017,3.454,23
411.26,15.017,3.454,23
411.31,15.017,3.454,23
411.36,16.355,1.9626,12
411.41,16.355,1.9626,12
411.46,16.355,1.9626,12
411.51,16.355,1.9626,12
411.57,16.355,1.9626,12
411.62,16.355,1.9626,12
411.67,16.355,1.9626,12
411.72,16.355,1.9626,12
411.77,16.355,1.9626,12
411.82,16.355,1.9626,12
411.87,16.355,1.9626,12
411.92,16.355,1.9626,12
411.97,16.355,1.9626,12
412.02,16.355,1.9626,12
412.08,16.355,1.9626,12
412.13,16.355,1.9626,12
412.18,16.355,1.9626,12
412.23,16.355,1.9626,12
412.28,16.355,1.9626,12
412.33,16.355,1.9626,12
412.38,16.355,1.9626,12
412.43,16.355,1.9626,12
412.48,16.355,1.9626,12
412.53,16.355,1.9626,12
412.58,16.355,1.9626,12
412.63,16.355,1.9626,12
412.68,16.355,1.9626,11
412.74,32.419,3.5661,11
412.79,32.419,3.5661,11
412.84,32.419,3.5661,11
412.89,32.419,3.5661,11
412.94,32.419,3.5661,11
412.99,32.419,3.5661,11
413.04,32.419,3.5661,11
413.09,32.419,3.5661,11
413.14,32.419,3.5661,11
413.19,32.419,3.5661,11
413.24,32.419,3.5661,11
413.29,32.419,3.5661,11
413.34,32.419,3.5661,11
413.39,32.419,3.5661,11
413.45,32.419,3.5661,11
413.5,32.419,3.5661,11
413.55,32.419,3.5661,11
413.6,32.419,3.5661,11
413.65,32.419,3.5661,11
413.7,32.419,3.5661,11
413.75,32.419,3.5661,11
413.8,32.419,3.5661,11
413.85,32.419,3.5661,11
413.9,32.419,3.5661,11
413.95,32.419,3.5661,11
414,32.419,3.5661,11
414.05,32.419,3.5661,11
414.1,32.419,3.5661,11
414.15,32.419,3.5661,11
414.2,32.419,3.5661,11
414.25,32.419,3.5661,11
414.3,32.419,3.5661,11
414.35,32.419,3.5661,11
414.4,32.419,3.5661,11
414.46,32.419,3.5661,11
414.51,32.419,3.5661,11
414.56,32.419,3.5661,11
414.61,32.419,3.5661,11
414.66,32.419,3.5661,11
414.71,32.419,3.5661,26
414.76,26.319,6.843,26
414.81,26.319,6.843,26
414.86,26.319,6.843,26
414.91,26.319,6.843,26
414.96,26.319,6.843,26
415.01,26.319,6.843,26
415.06,26.319,6.843,26
415.11,26.319,6.843,26
415.16,26.319,6.843,26
415.21,26.319,6.843,26
415.27,26.319,6.843,26
415.32,26.319,6.843,26
415.37,26.319,6.843,26
415.42,26.319,6.843,26
415.47,26.319,6.843,26
415.52,26.319,6.843,26
415.57,26.319,6.843,26
415.62,26.319,6.843,26
415.67,26.319,6.843,26
415.72,26.319,6.843,26
415.77,26.319,6.843,26
415.82,26.319,6.843,26
415.87,26.319,6.843,26
415.92,26.319,6.843,26
415.98,26.319,6.843,26
416.03,26.319,6.843,26
416.08,26.319,6.843,40
416.13,23.361,9.3443,40
416.18,23.361,9.3443,40
416.23,23.361,9.3443,40
416.28,23.361,9.3443,40
416.33,23.361,9.3443,40
416.38,23.361,9.3443,40
416.43,23.361,9.3443,40
416.48,23.361,9.3443,40
416.53,23.361,9.3443,40
416.59,23.361,9.3443,40
416.64,23.361,9.3443,40
416.69,23.361,9.3443,40
416.74,23.361,9.3443,40
416.78,23.361,9.3443,40
416.84,23.361,9.3443,40
416.89,23.361,9.3443,40
416.94,23.361,9.3443,40
416.99,23.361,9.3443,40
417.04,23.361,9.3443,40
417.09,23.361,9.3443,40
417.14,23.361,9.3443,40
417.19,23.361,9.3443,40
417.24,23.361,9.3443,40
417.29,23.361,9.3443,40
417.34,23.361,9.3443,40
417.39,23.361,9.3443,40
417.44,23.361,9.3443,40
417.49,23.361,9.3443,40
417.54,23.361,9.3443,34
417.59,14.953,5.0842,34
417.64,14.953,5.0842,34
417.69,14.953,5.0842,34
417.74,14.953,5.0842,34
417.79,14.953,5.0842,34
417.84,14.953,5.0842,34
417.89,14.953,5.0842,34
417.94,14.953,5.0842,34
417.99,14.953,5.0842,34
418.04,14.953,5.0842,34
418.09,14.953,5.0842,34
418.14,14.953,5.0842,34
418.19,14.953,5.0842,34
418.24,14.953,5.0842,34
418.29,14.953,5.0842,34
418.34,14.953,5.0842,34
418.39,14.953,5.0842,34
418.44,14.953,5.0842,34
418.49,14.953,5.0842,34
418.54,14.953,5.0842,34
418.59,14.953,5.0842,34
418.64,14.953,5.0842,34
418.69,14.953,5.0842,34
418.74,14.953,5.0842,34
418.8,14.953,5.0842,34
418.85,14.953,5.0842,34
418.9,14.953,5.0842,34
418.95,14.953,5.0842,34
419,14.953,5.0842,34
419.05,14.953,5.0842,34
419.1,14.953,5.0842,34
419.15,14.953,5.0842,34
419.2,14.953,5.0842,25
419.25,22.569,5.6423,25
419.3,22.569,5.6423,25
419.35,22.569,5.6423,25
419.4,22.569,5.6423,25
419.45,22.569,5.6423,25
419.5,22.569,5.6423,25
419.55,22.569,5.6423,25
419.6,22.569,5.6423,25
419.65,22.569,5.6423,25
419.7,22.569,5.6423,25
419.75,22.569,5.6423,25
419.8,22.569,5.6423,25
419.85,22.569,5.6423,25
419.9,22.569,5.6423,25
419.95,22.569,5.6423,25
420,22.569,5.6423,25
420.05,22.569,5.6423,25
420.1,22.569,5.6423,25
420.16,22.569,5.6423,25
420.21,22.569,5.6423,25
420.26,22.569,5.6423,25
420.31,22.569,5.6423,25
420.36,22.569,5.6423,25
420.41,22.569,5.6423,25
420.46,22.569,5.6423,25
420.51,22.569,5.6423,25
420.56,22.569,5.6423,25
420.61,22.569,5.6423,25
420.66,22.569,5.6423,25
420.71,22.569,5.6423,25
420.76,22.569,5.6423,31
420.81,18.167,5.6319,31
420.86,18.167,5.6319,31
420.91,18.167,5.6319,31
420.96,18.167,5.6319,31
421.01,18.167,5.6319,31
421.06,18.167,5.6319,31
421.11,18.167,5.6319,31
421.16,18.167,5.6319,31
421.21,18.167,5.6319,31
421.26,18.167,5.6319,31
421.32,18.167,5.6319,31
421.37,18.167,5.6319,31
421.42,18.167,5.6319,31
421.47,18.167,5.6319,31
421.52,18.167,5.6319,31
421.57,18.167,5.6319,31
421.62,18.167,5.6319,31
421.67,18.167,5.6319,31
421.72,18.167,5.6319,31
421.77,18.167,5.6319,31
421.82,18.167,5.6319,31
421.87,18.167,5.6319,31
421.92,18.167,5.6319,31
421.97,18.167,5.6319,31
422.02,18.167,5.6319,31
422.07,18.167,5.6319,31
422.12,18.167,5.6319,31
422.17,18.167,5.6319,39
422.22,18.167,5.6319,39
422.27,13.662,5.3281,39
422.32,13.662,5.3281,39
422.37,13.662,5.3281,39
422.42,13.662,5.3281,39
422.47,13.662,5.3281,39
422.52,13.662,5.3281,39
422.57,13.662,5.3281,39
422.62,13.662,5.3281,39
422.67,13.662,5.3281,39
422.72,13.662,5.3281,39
422.77,13.662,5.3281,39
422.83,13.662,5.3281,39
422.88,13.662,5.3281,39
422.93,13.662,5.3281,39
422.98,13.662,5.3281,39
423.03,13.662,5.3281,39
423.08,13.662,5.3281,39
423.13,13.662,5.3281,39
423.18,13.662,5.3281,39
423.23,13.662,5.3281,39
423.28,13.662,5.3281,39
423.33,13.662,5.3281,39
423.38,13.662,5.3281,39
423.43,13.662,5.3281,39
423.48,13.662,5.3281,39
423.53,13.662,5.3281,39
423.59,13.662,5.3281,24
423.64,13.662,5.3281,24
423.69,13.662,5.3281,24
423.74,24.631,5.9114,24
423.79,24.631,5.9114,24
423.84,24.631,5.9114,24
423.89,24.631,5.9114,24
423.94,24.631,5.9114,24
423.99,24.631,5.9114,24
424.04,24.631,5.9114,24
424.09,24.631,5.9114,24
424.14,24.631,5.9114,24
424.19,24.631,5.9114,24
424.24,24.631,5.9114,24
424.29,24.631,5.9114,24
424.34,24.631,5.9114,24
424.39,24.631,5.9114,24
424.44,24.631,5.9114,24
424.49,24.631,5.9114,24
424.54,24.631,5.9114,24
424.59,24.631,5.9114,24
424.64,24.631,5.9114,24
424.69,24.631,5.9114,24
424.74,24.631,5.9114,24
424.79,24.631,5.9114,24
424.84,24.631,5.9114,24
424.89,24.631,5.9114,24
424.94,24.631,5.9114,24
424.99,24.631,5.9114,24
425.04,24.631,5.9114,24
425.09,24.631,5.9114,24
425.14,24.631,5.9114,14
425.19,24.631,5.9114,14
425.24,24.303,3.4024,14
425.29,24.303,3.4024,14
425.34,24.303,3.4024,14
425.39,24.303,3.4024,14
425.44,24.303,3.4024,14
425.49,24.303,3.4024,14
425.54,24.303,3.4024,14
425.59,24.303,3.4024,14
425.64,24.303,3.4024,14
425.7,24.303,3.4024,14
425.75,24.303,3.4024,14
425.8,24.303,3.4024,14
425.85,24.303,3.4024,14
425.9,24.303,3.4024,14
425.95,24.303,3.4024,14
426,24.303,3.4024,14
426.05,24.303,3.4024,14
426.1,24.303,3.4024,14
426.15,24.303,3.4024,14
426.2,24.303,3.4024,14
426.25,24.303,3.4024,14
426.3,24.303,3.4024,14
426.35,24.303,3.4024,14
426.41,24.303,3.4024,14
426.45,24.303,3.4024,14
426.5,24.303,3.4024,14
426.55,24.303,3.4024,14
426.6,24.303,3.4024,14
426.65,24.303,3.4024,15
426.7,14.45,2.1674,15
426.75,14.45,2.1674,15
426.8,14.45,2.1674,15
426.85,14.45,2.1674,15
426.91,14.45,2.1674,15
426.96,14.45,2.1674,15
427.01,14.45,2.1674,15
427.06,14.45,2.1674,15
427.11,14.45,2.1674,15
427.16,14.45,2.1674,15
427.21,14.45,2.1674,15
427.26,14.45,2.1674,15
427.31,14.45,2.1674,15
427.36,14.45,2.1674,15
427.41,14.45,2.1674,15
427.46,14.45,2.1674,15
427.51,14.45,2.1674,15
427.56,14.45,2.1674,15
427.61,14.45,2.1674,15
427.66,14.45,2.1674,15
427.71,14.45,2.1674,15
427.76,14.45,2.1674,15
427.81,14.45,2.1674,15
427.86,14.45,2.1674,15
427.91,14.45,2.1674,15
427.97,14.45,2.1674,15
428.02,14.45,2.1674,15
428.07,15.21,2.2815,15
428.12,15.21,2.2815,15
428.17,15.21,2.2815,15
428.22,15.21,2.2815,15
428.27,15.21,2.2815,15
428.32,15.21,2.2815,15
428.37,15.21,2.2815,15
428.42,15.21,2.2815,15
428.47,15.21,2.2815,15
428.52,15.21,2.2815,15
428.57,15.21,2.2815,15
428.62,15.21,2.2815,15
428.67,15.21,2.2815,15
428.72,15.21,2.2815,15
428.77,15.21,2.2815,15
428.82,15.21,2.2815,15
428.87,15.21,2.2815,15
428.92,15.21,2.2815,15
428.97,15.21,2.2815,15
429.02,15.21,2.2815,15
429.07,15.21,2.2815,15
429.12,15.21,2.2815,15
429.18,15.21,2.2815,15
429.23,15.21,2.2815,15
429.28,15.21,2.2815,15
429.33,15.21,2.2815,15
429.38,15.21,2.2815,15
429.43,15.21,2.2815,15
429.48,15.21,2.2815,15
429.54,15.21,2.2815,15
429.58,15.21,2.2815,15
429.63,15.21,2.2815,15
429.68,15.21,2.2815,15
429.73,15.21,2.2815,15
429.78,15.21,2.2815,13
429.84,17.444,2.2677,13
429.89,17.444,2.2677,13
429.94,17.444,2.2677,13
429.99,17.444,2.2677,13
430.04,17.444,2.2677,13
430.09,17.444,2.2677,13
430.14,17.444,2.2677,13
430.19,17.444,2.2677,13
430.24,17.444,2.2677,13
430.29,17.444,2.2677,13
430.34,17.444,2.2677,13
430.39,17.444,2.2677,13
430.44,17.444,2.2677,13
430.49,17.444,2.2677,13
430.54,17.444,2.2677,13
430.59,17.444,2.2677,13
430.64,17.444,2.2677,13
430.69,17.444,2.2677,13
430.74,17.444,2.2677,13
430.79,17.444,2.2677,13
430.84,17.444,2.2677,13
430.89,17.444,2.2677,13
430.94,17.444,2.2677,13
430.99,17.444,2.2677,13
431.04,17.444,2.2677,13
431.09,17.444,2.2677,13
431.14,17.444,2.2677,13
431.19,17.444,2.2677,16
431.24,19.03,3.0447,16
431.29,19.03,3.0447,16
431.34,19.03,3.0447,16
431.39,19.03,3.0447,16
431.44,19.03,3.0447,16
431.49,19.03,3.0447,16
431.54,19.03,3.0447,16
431.59,19.03,3.0447,16
431.64,19.03,3.0447,16
431.69,19.03,3.0447,16
431.74,19.03,3.0447,16
431.79,19.03,3.0447,16
431.84,19.03,3.0447,16
431.89,19.03,3.0447,16
431.94,19.03,3.0447,16
431.99,19.03,3.0447,16
432.04,19.03,3.0447,16
432.09,19.03,3.0447,16
432.15,19.03,3.0447,16
432.2,19.03,3.0447,16
432.25,19.03,3.0447,16
432.3,19.03,3.0447,16
432.35,19.03,3.0447,16
432.4,19.03,3.0447,16
432.45,19.03,3.0447,16
432.5,19.03,3.0447,16
432.55,19.03,3.0447,16
432.6,19.03,3.0447,16
432.65,19.03,3.0447,16
432.7,19.03,3.0447,16
432.75,48.457,7.7531,16
432.8,48.457,7.7531,16
432.85,48.457,7.7531,16
432.9,48.457,7.7531,16
432.95,48.457,7.7531,16
433,48.457,7.7531,16
433.05,48.457,7.7531,16
433.1,48.457,7.7531,16
433.15,48.457,7.7531,16
433.21,48.457,7.7531,16
433.26,48.457,7.7531,16
433.31,48.457,7.7531,16
433.36,48.457,7.7531,16
433.41,48.457,7.7531,16
433.46,48.457,7.7531,16
433.51,48.457,7.7531,16
433.57,48.457,7.7531,16
433.62,48.457,7.7531,16
433.67,48.457,7.7531,16
433.72,48.457,7.7531,16
433.77,48.457,7.7531,16
433.82,48.457,7.7531,16
433.87,48.457,7.7531,16
433.92,48.457,7.7531,16
433.97,48.457,7.7531,16
434.02,48.457,7.7531,16
434.07,48.457,7.7531,16
434.12,48.457,7.7531,16
434.17,48.457,7.7531,16
434.22,48.457,7.7531,16
434.27,48.457,7.7531,16
434.32,48.457,7.7531,16
434.37,48.457,7.7531,27
434.42,31.197,8.4232,27
434.47,31.197,8.4232,27
434.52,31.197,8.4232,27
434.57,31.197,8.4232,27
434.62,31.197,8.4232,27
434.68,31.197,8.4232,27
434.73,31.197,8.4232,27
434.78,31.197,8.4232,27
434.83,31.197,8.4232,27
434.88,31.197,8.4232,27
434.93,31.197,8.4232,27
434.98,31.197,8.4232,27
435.03,31.197,8.4232,27
435.08,31.197,8.4232,27
435.13,31.197,8.4232,27
435.18,31.197,8.4232,27
435.23,31.197,8.4232,27
435.28,31.197,8.4232,27
435.33,31.197,8.4232,27
435.38,31.197,8.4232,27
435.43,31.197,8.4232,27
435.48,31.197,8.4232,27
435.54,31.197,8.4232,27
435.59,31.197,8.4232,27
435.64,31.197,8.4232,27
435.69,31.197,8.4232,27
435.74,31.197,8.4232,39
435.79,42.181,16.451,39
435.84,42.181,16.451,39
435.89,42.181,16.451,39
435.94,42.181,16.451,39
435.99,42.181,16.451,39
436.04,42.181,16.451,39
436.09,42.181,16.451,39
436.14,42.181,16.451,39
436.19,42.181,16.451,39
436.24,42.181,16.451,39
436.29,42.181,16.451,39
436.34,42.181,16.451,39
436.39,42.181,16.451,39
436.44,42.181,16.451,39
436.49,42.181,16.451,39
436.54,42.181,16.451,39
436.59,42.181,16.451,39
436.64,42.181,16.451,39
436.69,42.181,16.451,39
436.74,42.181,16.451,39
436.79,42.181,16.451,39
436.84,42.181,16.451,39
436.89,42.181,16.451,39
436.94,42.181,16.451,39
436.99,42.181,16.451,39
437.04,42.181,16.451,39
437.09,42.181,16.451,39
437.14,42.181,16.451,39
437.19,42.181,16.451,37
437.24,13.867,5.1308,37
437.29,13.867,5.1308,37
437.34,13.867,5.1308,37
437.39,13.867,5.1308,37
437.44,13.867,5.1308,37
437.49,13.867,5.1308,37
437.54,13.867,5.1308,37
437.59,13.867,5.1308,37
437.64,13.867,5.1308,37
437.69,13.867,5.1308,37
437.74,13.867,5.1308,37
437.79,13.867,5.1308,37
437.84,13.867,5.1308,37
437.89,13.867,5.1308,37
437.94,13.867,5.1308,37
437.99,13.867,5.1308,37
438.04,13.867,5.1308,37
438.09,13.867,5.1308,37
438.14,13.867,5.1308,37
438.19,13.867,5.1308,37
438.24,13.867,5.1308,37
438.29,13.867,5.1308,37
438.34,13.867,5.1308,37
438.39,13.867,5.1308,37
438.44,13.867,5.1308,37
438.49,13.867,5.1308,37
438.54,13.867,5.1308,37
438.59,13.867,5.1308,37
438.64,13.867,5.1308,37
438.69,13.867,5.1308,22
438.74,21.796,4.7952,22
438.8,21.796,4.7952,22
438.85,21.796,4.7952,22
438.9,21.796,4.7952,22
438.95,21.796,4.7952,22
439,21.796,4.7952,22
439.05,21.796,4.7952,22
439.1,21.796,4.7952,22
439.15,21.796,4.7952,22
439.2,21.796,4.7952,22
439.25,21.796,4.7952,22
439.3,21.796,4.7952,22
439.35,21.796,4.7952,22
439.4,21.796,4.7952,22
439.45,21.796,4.7952,22
439.5,21.796,4.7952,22
439.56,21.796,4.7952,22
439.61,21.796,4.7952,22
439.66,21.796,4.7952,22
439.71,21.796,4.7952,22
439.76,21.796,4.7952,22
439.81,21.796,4.7952,22
439.86,21.796,4.7952,22
439.91,21.796,4.7952,22
439.96,21.796,4.7952,22
440.02,21.796,4.7952,22
440.07,21.796,4.7952,22
440.12,21.796,4.7952,22
440.17,21.796,4.7952,22
440.22,21.796,4.7952,22
440.27,21.796,4.7952,22
440.32,21.796,4.7952,20
440.37,34.857,6.9714,20
440.42,34.857,6.9714,20
440.47,34.857,6.9714,20
440.52,34.857,6.9714,20
440.57,34.857,6.9714,20
440.62,34.857,6.9714,20
440.67,34.857,6.9714,20
440.73,34.857,6.9714,20
440.78,34.857,6.9714,20
440.83,34.857,6.9714,20
440.88,34.857,6.9714,20
440.93,34.857,6.9714,20
440.98,34.857,6.9714,20
441.03,34.857,6.9714,20
441.08,34.857,6.9714,20
441.13,34.857,6.9714,20
441.18,34.857,6.9714,20
441.23,34.857,6.9714,20
441.28,34.857,6.9714,20
441.33,34.857,6.9714,20
441.38,34.857,6.9714,20
441.43,34.857,6.9714,20
441.48,34.857,6.9714,20
441.53,34.857,6.9714,20
441.58,34.857,6.9714,20
441.63,34.857,6.9714,20
441.68,34.857,6.9714,20
441.73,34.857,6.9714,20
441.78,34.857,6.9714,30
441.83,36.87,11.061,30
441.88,36.87,11.061,30
441.93,36.87,11.061,30
441.98,36.87,11.061,30
442.03,36.87,11.061,30
442.08,36.87,11.061,30
442.13,36.87,11.061,30
442.18,36.87,11.061,30
442.23,36.87,11.061,30
442.29,36.87,11.061,30
442.34,36.87,11.061,30
442.39,36.87,11.061,30
442.44,36.87,11.061,30
442.49,36.87,11.061,30
442.54,36.87,11.061,30
442.59,36.87,11.061,30
442.64,36.87,11.061,30
442.69,36.87,11.061,30
442.74,36.87,11.061,30
442.79,36.87,11.061,30
442.84,36.87,11.061,30
442.89,36.87,11.061,30
442.94,36.87,11.061,30
442.99,36.87,11.061,30
443.04,36.87,11.061,30
443.09,36.87,11.061,30
443.14,36.87,11.061,27
443.19,14.333,3.8698,27
443.24,14.333,3.8698,27
443.29,14.333,3.8698,27
443.34,14.333,3.8698,27
443.39,14.333,3.8698,27
443.44,14.333,3.8698,27
443.49,14.333,3.8698,27
443.54,14.333,3.8698,27
443.59,14.333,3.8698,27
443.64,14.333,3.8698,27
443.69,14.333,3.8698,27
443.74,14.333,3.8698,27
443.79,14.333,3.8698,27
443.84,14.333,3.8698,27
443.89,14.333,3.8698,27
443.95,14.333,3.8698,27
444,14.333,3.8698,27
444.05,14.333,3.8698,27
444.1,14.333,3.8698,27
444.15,14.333,3.8698,27
444.2,14.333,3.8698,27
444.25,14.333,3.8698,27
444.3,14.333,3.8698,27
444.35,14.333,3.8698,27
444.4,14.333,3.8698,27
444.45,14.333,3.8698,27
444.5,14.333,3.8698,27
444.55,14.333,3.8698,27
444.6,14.333,3.8698,27
444.65,14.333,3.8698,27
444.7,14.333,3.8698,27
444.75,14.333,3.8698,27
444.8,14.333,3.8698,27
444.85,14.333,3.8698,27
444.9,14.333,3.8698,27
444.95,14.333,3.8698,27
445,14.333,3.8698,27
445.05,14.333,3.8698,27
445.1,14.333,3.8698,27
445.15,14.333,3.8698,27
445.21,14.333,3.8698,27
445.26,14.333,3.8698,13
445.31,34.611,4.4995,13
445.36,34.611,4.4995,13
445.41,34.611,4.4995,13
445.46,34.611,4.4995,13
445.51,34.611,4.4995,13
445.56,34.611,4.4995,13
445.61,34.611,4.4995,13
445.66,34.611,4.4995,13
445.71,34.611,4.4995,13
445.76,34.611,4.4995,13
445.81,34.611,4.4995,13
445.86,34.611,4.4995,13
445.91,34.611,4.4995,13
445.96,34.611,4.4995,13
446.01,34.611,4.4995,13
446.06,34.611,4.4995,13
446.11,34.611,4.4995,13
446.16,34.611,4.4995,13
446.21,34.611,4.4995,13
446.26,34.611,4.4995,13
446.31,34.611,4.4995,13
446.36,34.611,4.4995,13
446.41,34.611,4.4995,13
446.46,34.611,4.4995,13
446.51,34.611,4.4995,13
446.56,34.611,4.4995,13
446.61,34.611,4.4995,10
446.66,36.83,3.683,10
446.71,36.83,3.683,10
446.76,36.83,3.683,10
446.81,36.83,3.683,10
446.86,36.83,3.683,10
446.91,36.83,3.683,10
446.96,36.83,3.683,10
447.01,36.83,3.683,10
447.06,36.83,3.683,10
447.11,36.83,3.683,10
447.16,36.83,3.683,10
447.21,36.83,3.683,10
447.26,36.83,3.683,10
447.31,36.83,3.683,10
447.36,36.83,3.683,10
447.41,36.83,3.683,10
447.46,36.83,3.683,10
447.51,36.83,3.683,10
447.56,36.83,3.683,10
447.62,36.83,3.683,10
447.67,36.83,3.683,10
447.72,36.83,3.683,10
447.77,36.83,3.683,10
447.81,36.83,3.683,10
447.87,36.83,3.683,10
447.92,36.83,3.683,10
447.97,36.83,3.683,10
448.02,36.83,3.683,10
448.07,36.83,3.683,10
448.12,36.83,3.683,10
448.17,36.83,3.683,22
448.22,36.83,3.683,22
448.27,37.641,8.2811,22
448.32,37.641,8.2811,22
448.37,37.641,8.2811,22
448.42,37.641,8.2811,22
448.47,37.641,8.2811,22
448.52,37.641,8.2811,22
448.57,37.641,8.2811,22
448.62,37.641,8.2811,22
448.67,37.641,8.2811,22
448.72,37.641,8.2811,22
448.77,37.641,8.2811,22
448.82,37.641,8.2811,22
448.87,37.641,8.2811,22
448.92,37.641,8.2811,22
448.97,37.641,8.2811,22
449.02,37.641,8.2811,22
449.07,37.641,8.2811,22
449.12,37.641,8.2811,22
449.17,37.641,8.2811,22
449.22,37.641,8.2811,22
449.27,37.641,8.2811,22
449.32,37.641,8.2811,22
449.37,37.641,8.2811,22
449.42,37.641,8.2811,22
449.47,37.641,8.2811,22
449.52,37.641,8.2811,22
449.57,37.641,8.2811,22
449.62,37.641,8.2811,27
449.67,14.957,4.0383,27
449.72,14.957,4.0383,27
449.77,14.957,4.0383,27
449.82,14.957,4.0383,27
449.87,14.957,4.0383,27
449.92,14.957,4.0383,27
449.98,14.957,4.0383,27
450.03,14.957,4.0383,27
450.08,14.957,4.0383,27
450.13,14.957,4.0383,27
450.18,14.957,4.0383,27
450.23,14.957,4.0383,27
450.28,14.957,4.0383,27
450.33,14.957,4.0383,27
450.38,14.957,4.0383,27
450.43,14.957,4.0383,27
450.48,14.957,4.0383,27
450.53,14.957,4.0383,27
450.58,14.957,4.0383,27
450.63,14.957,4.0383,27
450.68,14.957,4.0383,27
450.73,14.957,4.0383,27
450.78,14.957,4.0383,27
450.83,14.957,4.0383,27
450.88,14.957,4.0383,27
450.93,14.957,4.0383,27
450.98,14.957,4.0383,27
451.03,14.957,4.0383,27
451.08,14.957,4.0383,27
451.13,14.957,4.0383,27
451.18,14.957,4.0383,27
451.23,14.957,4.0383,27
451.28,14.957,4.0383,21
451.33,26.078,5.4763,21
451.38,26.078,5.4763,21
451.43,26.078,5.4763,21
451.48,26.078,5.4763,21
451.53,26.078,5.4763,21
451.58,26.078,5.4763,21
451.63,26.078,5.4763,21
451.68,26.078,5.4763,21
451.73,26.078,5.4763,21
451.78,26.078,5.4763,21
451.83,26.078,5.4763,21
451.88,26.078,5.4763,21
451.93,26.078,5.4763,21
451.98,26.078,5.4763,21
452.03,26.078,5.4763,21
452.08,26.078,5.4763,21
452.13,26.078,5.4763,21
452.18,26.078,5.4763,21
452.23,26.078,5.4763,21
452.28,26.078,5.4763,21
452.33,26.078,5.4763,21
452.38,26.078,5.4763,21
452.43,26.078,5.4763,21
452.49,26.078,5.4763,21
452.54,26.078,5.4763,21
452.59,26.078,5.4763,21
452.64,26.078,5.4763,21
452.69,26.078,5.4763,21
452.74,26.078,5.4763,26
452.79,25.533,6.6385,26
452.84,25.533,6.6385,26
452.89,25.533,6.6385,26
452.94,25.533,6.6385,26
452.99,25.533,6.6385,26
453.04,25.533,6.6385,26
453.09,25.533,6.6385,26
453.14,25.533,6.6385,26
453.19,25.533,6.6385,26
453.25,25.533,6.6385,26
453.3,25.533,6.6385,26
453.35,25.533,6.6385,26
453.4,25.533,6.6385,26
453.45,25.533,6.6385,26
453.5,25.533,6.6385,26
453.55,25.533,6.6385,26
453.6,25.533,6.6385,26
453.65,25.533,6.6385,26
453.7,25.533,6.6385,26
453.75,25.533,6.6385,26
453.8,25.533,6.6385,26
453.85,25.533,6.6385,26
453.91,25.533,6.6385,26
453.96,25.533,6.6385,26
454.01,25.533,6.6385,26
454.06,25.533,6.6385,26
454.11,25.533,6.6385,26
454.16,25.533,6.6385,26
454.21,25.533,6.6385,26
454.26,25.533,6.6385,39
454.31,42.59,16.61,39
454.36,42.59,16.61,39
454.41,42.59,16.61,39
454.46,42.59,16.61,39
454.51,42.59,16.61,39
454.56,42.59,16.61,39
454.61,42.59,16.61,39
454.66,42.59,16.61,39
454.71,42.59,16.61,39
454.76,42.59,16.61,39
454.81,42.59,16.61,39
454.86,42.59,16.61,39
454.91,42.59,16.61,39
454.96,42.59,16.61,39
455.01,42.59,16.61,39
455.06,42.59,16.61,39
455.11,42.59,16.61,39
455.16,42.59,16.61,39
455.22,42.59,16.61,39
455.27,42.59,16.61,39
455.32,42.59,16.61,39
455.37,42.59,16.61,39
455.42,42.59,16.61,39
455.47,42.59,16.61,39
455.52,42.59,16.61,39
455.57,42.59,16.61,39
455.62,42.59,16.61,39
455.67,42.59,16.61,39
455.72,42.59,16.61,39
455.77,42.59,16.61,39
455.82,42.59,16.61,39
455.87,13.95,5.4405,39
455.92,13.95,5.4405,39
455.97,13.95,5.4405,39
456.02,13.95,5.4405,39
456.07,13.95,5.4405,39
456.12,13.95,5.4405,39
456.17,13.95,5.4405,39
456.22,13.95,5.4405,39
456.27,13.95,5.4405,39
456.32,13.95,5.4405,39
456.37,13.95,5.4405,39
456.42,13.95,5.4405,39
456.47,13.95,5.4405,39
456.52,13.95,5.4405,39
456.57,13.95,5.4405,39
456.62,13.95,5.4405,39
456.68,13.95,5.4405,39
456.73,13.95,5.4405,39
456.78,13.95,5.4405,39
456.83,13.95,5.4405,39
456.88,13.95,5.4405,39
456.93,13.95,5.4405,39
456.98,13.95,5.4405,39
457.03,13.95,5.4405,39
457.08,13.95,5.4405,39
457.14,13.95,5.4405,39
457.18,13.95,5.4405,39
457.23,13.95,5.4405,39
457.28,13.95,5.4405,39
457.33,13.95,5.4405,39
457.38,13.95,5.4405,26
457.43,20.933,5.4426,26
457.48,20.933,5.4426,26
457.53,20.933,5.4426,26
457.58,20.933,5.4426,26
457.63,20.933,5.4426,26
457.68,20.933,5.4426,26
457.73,20.933,5.4426,26
457.78,20.933,5.4426,26
457.83,20.933,5.4426,26
457.88,20.933,5.4426,26
457.93,20.933,5.4426,26
457.98,20.933,5.4426,26
458.03,20.933,5.4426,26
458.08,20.933,5.4426,26
458.13,20.933,5.4426,26
458.19,20.933,5.4426,26
458.24,20.933,5.4426,26
458.29,20.933,5.4426,26
458.34,20.933,5.4426,26
458.39,20.933,5.4426,26
458.44,20.933,5.4426,26
458.49,20.933,5.4426,26
458.54,20.933,5.4426,26
458.59,20.933,5.4426,26
458.64,20.933,5.4426,26
458.69,20.933,5.4426,26
458.74,20.933,5.4426,26
458.79,20.933,5.4426,26
458.85,20.933,5.4426,26
458.9,14.012,3.2227,23
458.95,14.012,3.2227,23
459,14.012,3.2227,23
459.05,14.012,3.2227,23
459.1,14.012,3.2227,23
459.15,14.012,3.2227,23
459.2,14.012,3.2227,23
459.25,14.012,3.2227,23
459.3,14.012,3.2227,23
459.35,14.012,3.2227,23
459.4,14.012,3.2227,23
459.45,14.012,3.2227,23
459.5,14.012,3.2227,23
459.55,14.012,3.2227,23
459.6,14.012,3.2227,23
459.65,14.012,3.2227,23
459.71,14.012,3.2227,23
459.76,14.012,3.2227,23
459.81,14.012,3.2227,23
459.86,14.012,3.2227,23
459.91,14.012,3.2227,23
459.97,14.012,3.2227,23
460.01,14.012,3.2227,23
460.06,14.012,3.2227,23
460.11,14.012,3.2227,23
460.16,14.012,3.2227,23
460.21,14.012,3.2227,23
460.26,14.012,3.2227,23
460.31,14.012,3.2227,23
460.36,14.012,3.2227,23
460.41,14.012,3.2227,20
460.46,19.76,3.952,20
460.51,19.76,3.952,20
460.56,19.76,3.952,20
460.62,19.76,3.952,20
460.67,19.76,3.952,20
460.72,19.76,3.952,20
460.77,19.76,3.952,20
460.82,19.76,3.952,20
460.87,19.76,3.952,20
460.92,19.76,3.952,20
460.97,19.76,3.952,20
461.02,19.76,3.952,20
461.07,19.76,3.952,20
461.12,19.76,3.952,20
461.17,19.76,3.952,20
461.22,19.76,3.952,20
461.27,19.76,3.952,20
461.32,19.76,3.952,20
461.37,19.76,3.952,20
461.42,19.76,3.952,20
461.47,19.76,3.952,20
461.52,19.76,3.952,20
461.57,19.76,3.952,20
461.62,19.76,3.952,20
461.67,19.76,3.952,20
461.72,19.76,3.952,20
461.77,19.76,3.952,19
461.82,19.76,3.952,19
461.87,13.501,2.5653,19
461.92,13.501,2.5653,19
461.97,13.501,2.5653,19
462.02,13.501,2.5653,19
462.07,13.501,2.5653,19
462.12,13.501,2.5653,19
462.17,13.501,2.5653,19
462.22,13.501,2.5653,19
462.27,13.501,2.5653,19
462.32,13.501,2.5653,19
462.37,13.501,2.5653,19
462.42,13.501,2.5653,19
462.47,13.501,2.5653,19
462.52,13.501,2.5653,19
462.57,13.501,2.5653,19
462.62,13.501,2.5653,19
462.67,13.501,2.5653,19
462.72,13.501,2.5653,19
462.77,13.501,2.5653,19
462.82,13.501,2.5653,19
462.87,13.501,2.5653,19
462.92,13.501,2.5653,19
462.98,13.501,2.5653,19
463.03,13.501,2.5653,19
463.08,13.501,2.5653,19
463.13,13.501,2.5653,19
463.18,13.501,2.5653,19
463.23,13.501,2.5653,19
463.28,13.501,2.5653,18
463.33,31.253,5.6256,18
463.38,31.253,5.6256,18
463.43,31.253,5.6256,18
463.48,31.253,5.6256,18
463.53,31.253,5.6256,18
463.58,31.253,5.6256,18
463.63,31.253,5.6256,18
463.68,31.253,5.6256,18
463.73,31.253,5.6256,18
463.78,31.253,5.6256,18
463.83,31.253,5.6256,18
463.88,31.253,5.6256,18
463.93,31.253,5.6256,18
463.98,31.253,5.6256,18
464.03,31.253,5.6256,18
464.08,31.253,5.6256,18
464.13,31.253,5.6256,18
464.18,31.253,5.6256,18
464.23,31.253,5.6256,18
464.28,31.253,5.6256,18
464.33,31.253,5.6256,18
464.38,31.253,5.6256,18
464.43,31.253,5.6256,18
464.48,31.253,5.6256,18
464.54,31.253,5.6256,18
464.59,31.253,5.6256,18
464.64,31.253,5.6256,18
464.69,31.253,5.6256,18
464.74,31.253,5.6256,18
464.79,24.759,4.209,17
464.84,24.759,4.209,17
464.89,24.759,4.209,17
464.94,24.759,4.209,17
464.99,24.759,4.209,17
465.04,24.759,4.209,17
465.09,24.759,4.209,17
465.14,24.759,4.209,17
465.19,24.759,4.209,17
465.24,24.759,4.209,17
465.29,24.759,4.209,17
465.34,24.759,4.209,17
465.39,24.759,4.209,17
465.44,24.759,4.209,17
465.5,24.759,4.209,17
465.55,24.759,4.209,17
465.6,24.759,4.209,17
465.65,24.759,4.209,17
465.7,24.759,4.209,17
465.75,24.759,4.209,17
465.8,24.759,4.209,17
465.85,24.759,4.209,17
465.9,24.759,4.209,17
465.95,24.759,4.209,17
466,24.759,4.209,17
466.05,24.759,4.209,14
466.1,32.854,4.5996,14
466.15,32.854,4.5996,14
466.2,32.854,4.5996,14
466.25,32.854,4.5996,14
466.3,32.854,4.5996,14
466.35,32.854,4.5996,14
466.4,32.854,4.5996,14
466.45,32.854,4.5996,14
466.51,32.854,4.5996,14
466.56,32.854,4.5996,14
466.61,32.854,4.5996,14
466.66,32.854,4.5996,14
466.71,32.854,4.5996,14
466.76,32.854,4.5996,14
466.81,32.854,4.5996,14
466.86,32.854,4.5996,14
466.91,32.854,4.5996,14
467,32.854,4.5996,14
467.01,32.854,4.5996,14
467.06,32.854,4.5996,14
467.11,32.854,4.5996,14
467.16,32.854,4.5996,14
467.21,32.854,4.5996,14
467.26,32.854,4.5996,14
467.31,32.854,4.5996,14
467.36,32.854,4.5996,14
467.41,32.854,4.5996,14
467.46,32.854,4.5996,14
467.51,32.854,4.5996,21
467.56,19.932,4.1857,21
467.61,19.932,4.1857,21
467.66,19.932,4.1857,21
467.71,19.932,4.1857,21
467.76,19.932,4.1857,21
467.81,19.932,4.1857,21
467.86,19.932,4.1857,21
467.91,19.932,4.1857,21
467.96,19.932,4.1857,21
468.01,19.932,4.1857,21
468.06,19.932,4.1857,21
468.11,19.932,4.1857,21
468.16,19.932,4.1857,21
468.21,19.932,4.1857,21
468.26,19.932,4.1857,21
468.31,19.932,4.1857,21
468.36,19.932,4.1857,21
468.41,19.932,4.1857,21
468.46,19.932,4.1857,21
468.51,19.932,4.1857,21
468.56,19.932,4.1857,21
468.61,19.932,4.1857,21
468.66,19.932,4.1857,21
468.71,19.932,4.1857,21
468.76,19.932,4.1857,21
468.81,19.932,4.1857,21
468.86,19.932,4.1857,21
468.91,19.932,4.1857,21
468.96,19.932,4.1857,21
469.01,19.932,4.1857,29
469.06,20.22,5.8637,29
469.11,20.22,5.8637,29
469.16,20.22,5.8637,29
469.21,20.22,5.8637,29
469.26,20.22,5.8637,29
469.32,20.22,5.8637,29
469.37,20.22,5.8637,29
469.42,20.22,5.8637,29
469.47,20.22,5.8637,29
469.52,20.22,5.8637,29
469.57,20.22,5.8637,29
469.62,20.22,5.8637,29
469.67,20.22,5.8637,29
469.72,20.22,5.8637,29
469.77,20.22,5.8637,29
469.82,20.22,5.8637,29
469.87,20.22,5.8637,29
469.92,20.22,5.8637,29
469.97,20.22,5.8637,29
470.02,20.22,5.8637,29
470.07,20.22,5.8637,29
470.12,20.22,5.8637,29
470.17,20.22,5.8637,29
470.22,20.22,5.8637,29
470.27,20.22,5.8637,29
470.32,20.22,5.8637,29
470.37,20.22,5.8637,27
470.43,22.391,6.0456,27
470.48,22.391,6.0456,27
470.53,22.391,6.0456,27
470.58,22.391,6.0456,27
470.63,22.391,6.0456,27
470.68,22.391,6.0456,27
470.73,22.391,6.0456,27
470.78,22.391,6.0456,27
470.83,22.391,6.0456,27
470.88,22.391,6.0456,27
470.93,22.391,6.0456,27
470.98,22.391,6.0456,27
471.03,22.391,6.0456,27
471.08,22.391,6.0456,27
471.13,22.391,6.0456,27
471.18,22.391,6.0456,27
471.23,22.391,6.0456,27
471.28,22.391,6.0456,27
471.33,22.391,6.0456,27
471.38,22.391,6.0456,27
471.43,22.391,6.0456,27
471.48,22.391,6.0456,27
471.53,22.391,6.0456,27
471.58,22.391,6.0456,27
471.63,22.391,6.0456,27
471.68,22.391,6.0456,27
471.73,22.391,6.0456,28
471.78,20.201,5.6563,28
471.83,20.201,5.6563,28
471.88,20.201,5.6563,28
471.93,20.201,5.6563,28
471.98,20.201,5.6563,28
472.03,20.201,5.6563,28
472.09,20.201,5.6563,28
472.14,20.201,5.6563,28
472.19,20.201,5.6563,28
472.24,20.201,5.6563,28
472.29,20.201,5.6563,28
472.34,20.201,5.6563,28
472.39,20.201,5.6563,28
472.44,20.201,5.6563,28
472.49,20.201,5.6563,28
472.54,20.201,5.6563,28
472.59,20.201,5.6563,28
472.64,20.201,5.6563,28
472.69,20.201,5.6563,28
472.74,20.201,5.6563,28
472.79,20.201,5.6563,28
472.84,20.201,5.6563,28
472.89,20.201,5.6563,28
472.94,20.201,5.6563,28
472.99,20.201,5.6563,28
473.04,20.201,5.6563,28
473.1,20.201,5.6563,28
473.14,20.201,5.6563,36
473.19,21.218,7.6386,36
473.24,21.218,7.6386,36
473.29,21.218,7.6386,36
473.35,21.218,7.6386,36
473.4,21.218,7.6386,36
473.45,21.218,7.6386,36
473.5,21.218,7.6386,36
473.55,21.218,7.6386,36
473.6,21.218,7.6386,36
473.65,21.218,7.6386,36
473.7,21.218,7.6386,36
473.75,21.218,7.6386,36
473.8,21.218,7.6386,36
473.85,21.218,7.6386,36
473.9,21.218,7.6386,36
473.95,21.218,7.6386,36
474,21.218,7.6386,36
474.05,21.218,7.6386,36
474.1,21.218,7.6386,36
474.15,21.218,7.6386,36
474.2,21.218,7.6386,36
474.25,21.218,7.6386,36
474.3,21.218,7.6386,36
474.35,21.218,7.6386,36
474.4,21.218,7.6386,36
474.45,21.218,7.6386,36
474.51,21.218,7.6386,36
474.56,21.218,7.6386,36
474.61,21.218,7.6386,36
474.66,21.218,7.6386,36
474.71,21.218,7.6386,36
474.76,21.218,7.6386,36
474.81,21.218,7.6386,36
474.86,21.218,7.6386,36
474.91,21.218,7.6386,36
474.96,21.218,7.6386,36
475.01,21.218,7.6386,36
475.06,21.218,7.6386,30
475.11,14.767,4.4301,30
475.16,14.767,4.4301,30
475.21,14.767,4.4301,30
475.26,14.767,4.4301,30
475.31,14.767,4.4301,30
475.36,14.767,4.4301,30
475.41,14.767,4.4301,30
475.47,14.767,4.4301,30
475.52,14.767,4.4301,30
475.57,14.767,4.4301,30
475.62,14.767,4.4301,30
475.67,14.767,4.4301,30
475.72,14.767,4.4301,30
475.77,14.767,4.4301,30
475.82,14.767,4.4301,30
475.87,14.767,4.4301,30
475.92,14.767,4.4301,30
475.97,14.767,4.4301,30
476.02,14.767,4.4301,30
476.07,14.767,4.4301,30
476.12,14.767,4.4301,30
476.17,14.767,4.4301,30
476.22,14.767,4.4301,30
476.27,14.767,4.4301,30
476.32,14.767,4.4301,30
476.37,14.767,4.4301,30
476.42,14.767,4.4301,30
476.47,14.767,4.4301,25
476.52,8.3999,2.1,25
476.58,8.3999,2.1,25
476.63,8.3999,2.1,25
476.68,8.3999,2.1,25
476.73,8.3999,2.1,25
476.87,8.3999,2.1,25
476.88,8.3999,2.1,25
476.93,8.3999,2.1,25
476.98,8.3999,2.1,25
477.03,8.3999,2.1,25
477.08,8.3999,2.1,25
477.13,8.3999,2.1,25
477.18,8.3999,2.1,25
477.23,8.3999,2.1,25
477.28,8.3999,2.1,25
477.33,8.3999,2.1,25
477.38,8.3999,2.1,25
477.43,8.3999,2.1,25
477.48,8.3999,2.1,25
477.53,8.3999,2.1,25
477.59,8.3999,2.1,25
477.64,8.3999,2.1,25
477.69,8.3999,2.1,25
477.74,8.3999,2.1,25
477.79,8.3999,2.1,25
477.84,8.3999,2.1,25
477.89,8.3999,2.1,25
477.94,8.3999,2.1,25
477.99,8.3999,2.1,25
478.04,8.3999,2.1,25
478.09,8.3999,2.1,19
478.14,10.322,1.9612,19
478.19,10.322,1.9612,19
478.24,10.322,1.9612,19
478.29,10.322,1.9612,19
478.35,10.322,1.9612,19
478.4,10.322,1.9612,19
478.45,10.322,1.9612,19
478.5,10.322,1.9612,19
478.55,10.322,1.9612,19
478.6,10.322,1.9612,19
478.65,10.322,1.9612,19
478.7,10.322,1.9612,19
478.75,10.322,1.9612,19
478.8,10.322,1.9612,19
478.85,10.322,1.9612,19
478.9,10.322,1.9612,19
478.95,10.322,1.9612,19
479,10.322,1.9612,19
479.05,10.322,1.9612,19
479.1,10.322,1.9612,19
479.15,10.322,1.9612,19
479.2,10.322,1.9612,19
479.25,10.322,1.9612,19
479.3,10.322,1.9612,19
479.35,10.322,1.9612,19
479.4,10.322,1.9612,19
479.45,10.322,1.9612,19
479.5,20.689,3.9308,19
479.55,20.689,3.9308,19
479.61,20.689,3.9308,19
479.66,20.689,3.9308,19
479.71,20.689,3.9308,19
479.76,20.689,3.9308,19
479.81,20.689,3.9308,19
479.86,20.689,3.9308,19
479.91,20.689,3.9308,19
479.96,20.689,3.9308,19
480.01,20.689,3.9308,19
480.06,20.689,3.9308,19
480.11,20.689,3.9308,19
480.16,20.689,3.9308,19
480.21,20.689,3.9308,19
480.26,20.689,3.9308,19
480.31,20.689,3.9308,19
480.36,20.689,3.9308,19
480.42,20.689,3.9308,19
480.47,20.689,3.9308,19
480.52,20.689,3.9308,19
480.57,20.689,3.9308,19
480.62,20.689,3.9308,19
480.67,20.689,3.9308,19
480.72,20.689,3.9308,19
480.77,20.689,3.9308,19
480.82,20.689,3.9308,19
480.87,20.689,3.9308,24
480.92,16.023,3.8456,24
480.97,16.023,3.8456,24
481.02,16.023,3.8456,24
481.07,16.023,3.8456,24
481.12,16.023,3.8456,24
481.17,16.023,3.8456,24
481.22,16.023,3.8456,24
481.27,16.023,3.8456,24
481.32,16.023,3.8456,24
481.37,16.023,3.8456,24
481.42,16.023,3.8456,24
481.47,16.023,3.8456,24
481.52,16.023,3.8456,24
481.58,16.023,3.8456,24
481.63,16.023,3.8456,24
481.68,16.023,3.8456,24
481.73,16.023,3.8456,24
481.78,16.023,3.8456,24
481.83,16.023,3.8456,24
481.88,16.023,3.8456,24
481.93,16.023,3.8456,24
481.98,16.023,3.8456,24
482.03,16.023,3.8456,24
482.08,16.023,3.8456,24
482.13,16.023,3.8456,24
482.18,16.023,3.8456,24
482.23,16.023,3.8456,24
482.28,16.023,3.8456,24
482.33,16.023,3.8456,23
482.39,16.28,3.7445,23
482.44,16.28,3.7445,23
482.49,16.28,3.7445,23
482.54,16.28,3.7445,23
482.59,16.28,3.7445,23
482.64,16.28,3.7445,23
482.69,16.28,3.7445,23
482.74,16.28,3.7445,23
482.79,16.28,3.7445,23
482.84,16.28,3.7445,23
482.89,16.28,3.7445,23
482.94,16.28,3.7445,23
482.99,16.28,3.7445,23
483.04,16.28,3.7445,23
483.09,16.28,3.7445,23
483.14,16.28,3.7445,23
483.19,16.28,3.7445,23
483.24,16.28,3.7445,23
483.3,16.28,3.7445,23
483.35,16.28,3.7445,23
483.4,16.28,3.7445,23
483.45,16.28,3.7445,23
483.5,16.28,3.7445,23
483.55,16.28,3.7445,23
483.6,16.28,3.7445,23
483.65,16.28,3.7445,23
483.7,16.28,3.7445,23
483.75,16.28,3.7445,24
483.8,10.397,2.4954,24
483.85,10.397,2.4954,24
483.9,10.397,2.4954,24
483.95,10.397,2.4954,24
484,10.397,2.4954,24
484.05,10.397,2.4954,24
484.1,10.397,2.4954,24
484.15,10.397,2.4954,24
484.2,10.397,2.4954,24
484.25,10.397,2.4954,24
484.31,10.397,2.4954,24
484.36,10.397,2.4954,24
484.41,10.397,2.4954,24
484.46,10.397,2.4954,24
484.51,10.397,2.4954,24
484.56,10.397,2.4954,24
484.61,10.397,2.4954,24
484.66,10.397,2.4954,24
484.71,10.397,2.4954,24
484.76,10.397,2.4954,24
484.81,10.397,2.4954,24
484.86,10.397,2.4954,24
484.91,10.397,2.4954,24
484.96,10.397,2.4954,24
485.01,10.397,2.4954,24
485.06,10.397,2.4954,24
485.11,10.397,2.4954,24
485.16,10.397,2.4954,24
485.21,10.397,2.4954,20
485.26,10.397,2.4954,20
485.31,20.096,4.0193,20
485.36,20.096,4.0193,20
485.41,20.096,4.0193,20
485.46,20.096,4.0193,20
485.51,20.096,4.0193,20
485.56,20.096,4.0193,20
485.61,20.096,4.0193,20
485.66,20.096,4.0193,20
485.71,20.096,4.0193,20
485.76,20.096,4.0193,20
485.81,20.096,4.0193,20
485.86,20.096,4.0193,20
485.91,20.096,4.0193,20
485.96,20.096,4.0193,20
486.01,20.096,4.0193,20
486.06,20.096,4.0193,20
486.11,20.096,4.0193,20
486.16,20.096,4.0193,20
486.21,20.096,4.0193,20
486.26,20.096,4.0193,20
486.31,20.096,4.0193,20
486.36,20.096,4.0193,20
486.41,20.096,4.0193,20
486.46,20.096,4.0193,20
486.51,20.096,4.0193,20
486.56,20.096,4.0193,20
486.61,20.096,4.0193,20
486.66,20.096,4.0193,20
486.71,20.096,4.0193,21
486.77,16.059,3.3725,21
486.82,16.059,3.3725,21
486.87,16.059,3.3725,21
486.92,16.059,3.3725,21
486.97,16.059,3.3725,21
487.02,16.059,3.3725,21
487.07,16.059,3.3725,21
487.12,16.059,3.3725,21
487.17,16.059,3.3725,21
487.22,16.059,3.3725,21
487.27,16.059,3.3725,21
487.32,16.059,3.3725,21
487.37,16.059,3.3725,21
487.42,16.059,3.3725,21
487.47,16.059,3.3725,21
487.52,16.059,3.3725,21
487.57,16.059,3.3725,21
487.62,16.059,3.3725,21
487.67,16.059,3.3725,21
487.72,16.059,3.3725,21
487.78,16.059,3.3725,21
487.83,16.059,3.3725,21
487.88,16.059,3.3725,21
487.93,16.059,3.3725,21
487.98,16.059,3.3725,21
488.03,16.059,3.3725,21
488.08,16.059,3.3725,21
488.13,16.059,3.3725,19
488.18,19.152,3.6389,19
488.23,19.152,3.6389,19
488.28,19.152,3.6389,19
488.33,19.152,3.6389,19
488.38,19.152,3.6389,19
488.43,19.152,3.6389,19
488.48,19.152,3.6389,19
488.53,19.152,3.6389,19
488.58,19.152,3.6389,19
488.64,19.152,3.6389,19
488.69,19.152,3.6389,19
488.74,19.152,3.6389,19
488.79,19.152,3.6389,19
488.84,19.152,3.6389,19
488.89,19.152,3.6389,19
488.94,19.152,3.6389,19
488.99,19.152,3.6389,19
489.04,19.152,3.6389,19
489.09,19.152,3.6389,19
489.14,19.152,3.6389,19
489.19,19.152,3.6389,19
489.24,19.152,3.6389,19
489.29,19.152,3.6389,19
489.34,19.152,3.6389,19
489.39,19.152,3.6389,19
489.45,19.152,3.6389,19
489.49,19.152,3.6389,19
489.54,19.152,3.6389,19
489.59,19.152,3.6389,19
489.64,19.152,3.6389,19
489.7,19.152,3.6389,21
489.75,13.768,2.8913,21
489.8,13.768,2.8913,21
489.85,13.768,2.8913,21
489.9,13.768,2.8913,21
489.95,13.768,2.8913,21
490,13.768,2.8913,21
490.05,13.768,2.8913,21
490.1,13.768,2.8913,21
490.15,13.768,2.8913,21
490.2,13.768,2.8913,21
490.26,13.768,2.8913,21
490.31,13.768,2.8913,21
490.36,13.768,2.8913,21
490.41,13.768,2.8913,21
490.46,13.768,2.8913,21
490.51,13.768,2.8913,21
490.56,13.768,2.8913,21
490.61,13.768,2.8913,21
490.66,13.768,2.8913,21
490.71,13.768,2.8913,21
490.76,13.768,2.8913,21
490.81,13.768,2.8913,21
490.86,13.768,2.8913,21
490.91,13.768,2.8913,21
490.96,13.768,2.8913,21
491.01,13.768,2.8913,21
491.06,13.768,2.8913,21
491.11,13.768,2.8913,21
491.16,13.768,2.8913,21
491.21,13.768,2.8913,21
491.26,13.768,2.8913,21
491.32,13.768,2.8913,21
491.37,13.768,2.8913,23
491.42,29.927,6.8831,23
491.47,29.927,6.8831,23
491.52,29.927,6.8831,23
491.57,29.927,6.8831,23
491.62,29.927,6.8831,23
491.67,29.927,6.8831,23
491.72,29.927,6.8831,23
491.77,29.927,6.8831,23
491.82,29.927,6.8831,23
491.87,29.927,6.8831,23
491.92,29.927,6.8831,23
491.97,29.927,6.8831,23
492.02,29.927,6.8831,23
492.07,29.927,6.8831,23
492.12,29.927,6.8831,23
492.18,29.927,6.8831,23
492.23,29.927,6.8831,23
492.28,29.927,6.8831,23
492.33,29.927,6.8831,23
492.38,29.927,6.8831,23
492.43,29.927,6.8831,23
492.48,29.927,6.8831,23
492.53,29.927,6.8831,23
492.58,29.927,6.8831,23
492.63,29.927,6.8831,23
492.68,29.927,6.8831,23
492.73,29.927,6.8831,23
492.78,29.927,6.8831,23
492.83,29.927,6.8831,23
492.88,29.927,6.8831,23
492.93,29.927,6.8831,28
492.98,35.669,9.9873,28
493.03,35.669,9.9873,28
493.08,35.669,9.9873,28
493.13,35.669,9.9873,28
493.18,35.669,9.9873,28
493.23,35.669,9.9873,28
493.28,35.669,9.9873,28
493.33,35.669,9.9873,28
493.38,35.669,9.9873,28
493.43,35.669,9.9873,28
493.48,35.669,9.9873,28
493.54,35.669,9.9873,28
493.59,35.669,9.9873,28
493.64,35.669,9.9873,28
493.69,35.669,9.9873,28
493.74,35.669,9.9873,28
493.79,35.669,9.9873,28
493.84,35.669,9.9873,28
493.89,35.669,9.9873,28
493.94,35.669,9.9873,28
493.99,35.669,9.9873,28
494.04,35.669,9.9873,28
494.09,35.669,9.9873,28
494.14,35.669,9.9873,28
494.19,35.669,9.9873,28
494.24,35.669,9.9873,28
494.29,35.669,9.9873,28
494.34,35.669,9.9873,28
494.39,35.669,9.9873,28
494.44,35.669,9.9873,39
494.49,14.07,5.4872,39
494.54,14.07,5.4872,39
494.59,14.07,5.4872,39
494.64,14.07,5.4872,39
494.69,14.07,5.4872,39
494.74,14.07,5.4872,39
494.79,14.07,5.4872,39
494.84,14.07,5.4872,39
494.89,14.07,5.4872,39
494.94,14.07,5.4872,39
494.99,14.07,5.4872,39
495.04,14.07,5.4872,39
495.09,14.07,5.4872,39
495.14,14.07,5.4872,39
495.19,14.07,5.4872,39
495.25,14.07,5.4872,39
495.3,14.07,5.4872,39
495.35,14.07,5.4872,39
495.4,14.07,5.4872,39
495.45,14.07,5.4872,39
495.5,14.07,5.4872,39
495.55,14.07,5.4872,39
495.6,14.07,5.4872,39
495.65,14.07,5.4872,39
495.7,14.07,5.4872,39
495.75,14.07,5.4872,39
495.8,14.07,5.4872,39
495.85,14.07,5.4872,39
495.9,14.07,5.4872,39
495.95,14.07,5.4872,27
496,14.07,5.4872,27
496.05,21.411,5.7809,27
496.1,21.411,5.7809,27
496.15,21.411,5.7809,27
496.2,21.411,5.7809,27
496.25,21.411,5.7809,27
496.3,21.411,5.7809,27
496.35,21.411,5.7809,27
496.4,21.411,5.7809,27
496.45,21.411,5.7809,27
496.5,21.411,5.7809,27
496.55,21.411,5.7809,27
496.61,21.411,5.7809,27
496.66,21.411,5.7809,27
496.71,21.411,5.7809,27
496.76,21.411,5.7809,27
496.81,21.411,5.7809,27
496.86,21.411,5.7809,27
496.95,21.411,5.7809,27
496.96,21.411,5.7809,27
497.01,21.411,5.7809,27
497.06,21.411,5.7809,27
497.11,21.411,5.7809,27
497.16,21.411,5.7809,27
497.21,21.411,5.7809,27
497.26,21.411,5.7809,27
497.31,21.411,5.7809,27
497.36,21.411,5.7809,26
497.41,29.99,7.7975,26
497.46,29.99,7.7975,26
497.51,29.99,7.7975,26
497.56,29.99,7.7975,26
497.61,29.99,7.7975,26
497.66,29.99,7.7975,26
497.71,29.99,7.7975,26
497.76,29.99,7.7975,26
497.81,29.99,7.7975,26
497.86,29.99,7.7975,26
497.91,29.99,7.7975,26
497.96,29.99,7.7975,26
498.01,29.99,7.7975,26
498.07,29.99,7.7975,26
498.12,29.99,7.7975,26
498.17,29.99,7.7975,26
498.22,29.99,7.7975,26
498.27,29.99,7.7975,26
498.32,29.99,7.7975,26
498.37,29.99,7.7975,26
498.42,29.99,7.7975,26
498.47,29.99,7.7975,26
498.52,29.99,7.7975,26
498.57,29.99,7.7975,26
498.63,29.99,7.7975,26
498.68,29.99,7.7975,26
498.73,29.99,7.7975,26
498.78,29.99,7.7975,26
498.83,29.99,7.7975,26
498.88,29.99,7.7975,33
498.93,36.374,12.003,33
498.98,36.374,12.003,33
499.03,36.374,12.003,33
499.08,36.374,12.003,33
499.13,36.374,12.003,33
499.18,36.374,12.003,33
499.23,36.374,12.003,33
499.28,36.374,12.003,33
499.33,36.374,12.003,33
499.38,36.374,12.003,33
499.43,36.374,12.003,33
499.48,36.374,12.003,33
499.53,36.374,12.003,33
499.59,36.374,12.003,33
499.64,36.374,12.003,33
499.69,36.374,12.003,33
499.74,36.374,12.003,33
499.79,36.374,12.003,33
499.84,36.374,12.003,33
499.89,36.374,12.003,33
499.94,36.374,12.003,33
499.99,36.374,12.003,33
500.04,36.374,12.003,33
500.09,36.374,12.003,33
500.14,36.374,12.003,33
500.19,36.374,12.003,33
500.24,36.374,12.003,33
500.29,36.374,12.003,33
500.34,36.374,12.003,33
500.39,36.374,12.003,33
500.45,36.374,12.003,33
500.5,36.374,12.003,36
500.55,12.946,4.6605,36
500.6,12.946,4.6605,36
500.65,12.946,4.6605,36
500.7,12.946,4.6605,36
500.75,12.946,4.6605,36
500.8,12.946,4.6605,36
500.85,12.946,4.6605,36
500.9,12.946,4.6605,36
500.95,12.946,4.6605,36
501,12.946,4.6605,36
501.05,12.946,4.6605,36
501.11,12.946,4.6605,36
501.16,12.946,4.6605,36
501.21,12.946,4.6605,36
501.26,12.946,4.6605,36
501.31,12.946,4.6605,36
501.36,12.946,4.6605,36
501.41,12.946,4.6605,36
501.46,12.946,4.6605,36
501.51,12.946,4.6605,36
501.56,12.946,4.6605,36
501.61,12.946,4.6605,36
501.66,12.946,4.6605,36
501.71,12.946,4.6605,36
501.76,12.946,4.6605,36
501.81,12.946,4.6605,36
501.86,12.946,4.6605,36
501.91,12.946,4.6605,36
501.96,12.946,4.6605,36
502.01,12.946,4.6605,25
502.06,17.734,4.4335,25
502.11,17.734,4.4335,25
502.16,17.734,4.4335,25
502.21,17.734,4.4335,25
502.27,17.734,4.4335,25
502.32,17.734,4.4335,25
502.37,17.734,4.4335,25
502.42,17.734,4.4335,25
502.47,17.734,4.4335,25
502.52,17.734,4.4335,25
502.57,17.734,4.4335,25
502.62,17.734,4.4335,25
502.67,17.734,4.4335,25
502.72,17.734,4.4335,25
502.77,17.734,4.4335,25
502.82,17.734,4.4335,25
502.87,17.734,4.4335,25
502.92,17.734,4.4335,25
502.97,17.734,4.4335,25
503.02,17.734,4.4335,25
503.07,17.734,4.4335,25
503.12,17.734,4.4335,25
503.17,17.734,4.4335,25
503.22,17.734,4.4335,25
503.27,17.734,4.4335,25
503.32,17.734,4.4335,12
503.37,17.734,4.4335,12
503.42,26.976,3.2371,12
503.47,26.976,3.2371,12
503.52,26.976,3.2371,12
503.57,26.976,3.2371,12
503.62,26.976,3.2371,12
503.67,26.976,3.2371,12
503.72,26.976,3.2371,12
503.77,26.976,3.2371,12
503.82,26.976,3.2371,12
503.88,26.976,3.2371,12
503.93,26.976,3.2371,12
503.98,26.976,3.2371,12
504.03,26.976,3.2371,12
504.08,26.976,3.2371,12
504.13,26.976,3.2371,12
504.18,26.976,3.2371,12
504.23,26.976,3.2371,12
504.28,26.976,3.2371,12
504.33,26.976,3.2371,12
504.38,26.976,3.2371,12
504.43,26.976,3.2371,12
504.48,26.976,3.2371,12
504.53,26.976,3.2371,12
504.58,26.976,3.2371,12
504.63,26.976,3.2371,12
504.68,26.976,3.2371,12
504.73,26.976,3.2371,12
504.78,26.976,3.2371,12
504.83,26.976,3.2371,12
504.88,26.976,3.2371,12
504.93,26.976,3.2371,12
504.98,26.976,3.2371,12
505.04,26.976,3.2371,12
505.09,26.976,3.2371,12
505.14,26.976,3.2371,12
505.19,26.976,3.2371,12
505.24,26.976,3.2371,12
505.29,26.976,3.2371,12
505.34,26.976,3.2371,12
505.39,26.976,3.2371,12
505.44,30.552,4.8883,16
505.49,30.552,4.8883,16
505.54,30.552,4.8883,16
505.59,30.552,4.8883,16
505.64,30.552,4.8883,16
505.69,30.552,4.8883,16
505.74,30.552,4.8883,16
505.79,30.552,4.8883,16
505.85,30.552,4.8883,16
505.89,30.552,4.8883,16
505.95,30.552,4.8883,16
506,30.552,4.8883,16
506.05,30.552,4.8883,16
506.1,30.552,4.8883,16
506.15,30.552,4.8883,16
506.2,30.552,4.8883,16
506.25,30.552,4.8883,16
506.3,30.552,4.8883,16
506.35,30.552,4.8883,16
506.4,30.552,4.8883,16
506.45,30.552,4.8883,16
506.5,30.552,4.8883,16
506.55,30.552,4.8883,16
506.6,30.552,4.8883,16
506.65,30.552,4.8883,16
506.7,30.552,4.8883,16
506.75,30.552,4.8883,16
506.8,30.552,4.8883,26
506.85,45.941,11.945,26
506.9,45.941,11.945,26
506.97,45.941,11.945,26
507.01,45.941,11.945,26
507.06,45.941,11.945,26
507.11,45.941,11.945,26
507.16,45.941,11.945,26
507.21,45.941,11.945,26
507.27,45.941,11.945,26
507.32,45.941,11.945,26
507.37,45.941,11.945,26
507.42,45.941,11.945,26
507.47,45.941,11.945,26
507.52,45.941,11.945,26
507.57,45.941,11.945,26
507.62,45.941,11.945,26
507.67,45.941,11.945,26
507.72,45.941,11.945,26
507.77,45.941,11.945,26
507.82,45.941,11.945,26
507.87,45.941,11.945,26
507.92,45.941,11.945,26
507.97,45.941,11.945,26
508.02,45.941,11.945,26
508.07,45.941,11.945,26
508.12,45.941,11.945,26
508.17,45.941,11.945,26
508.22,45.941,11.945,26
508.27,45.941,11.945,26
508.32,45.941,11.945,26
508.37,45.941,11.945,29
508.42,13.467,3.9053,29
508.47,13.467,3.9053,29
508.52,13.467,3.9053,29
508.57,13.467,3.9053,29
508.62,13.467,3.9053,29
508.67,13.467,3.9053,29
508.72,13.467,3.9053,29
508.77,13.467,3.9053,29
508.82,13.467,3.9053,29
508.87,13.467,3.9053,29
508.92,13.467,3.9053,29
508.97,13.467,3.9053,29
509.02,13.467,3.9053,29
509.07,13.467,3.9053,29
509.12,13.467,3.9053,29
509.17,13.467,3.9053,29
509.22,13.467,3.9053,29
509.27,13.467,3.9053,29
509.32,13.467,3.9053,29
509.37,13.467,3.9053,29
509.43,13.467,3.9053,29
509.48,13.467,3.9053,29
509.53,13.467,3.9053,29
509.58,13.467,3.9053,29
509.63,13.467,3.9053,29
509.68,13.467,3.9053,29
509.73,13.467,3.9053,29
509.78,13.467,3.9053,23
509.83,13.467,3.9053,23
509.88,11.158,2.5664,23
509.93,11.158,2.5664,23
509.98,11.158,2.5664,23
510.03,11.158,2.5664,23
510.08,11.158,2.5664,23
510.13,11.158,2.5664,23
510.18,11.158,2.5664,23
510.23,11.158,2.5664,23
510.28,11.158,2.5664,23
510.33,11.158,2.5664,23
510.38,11.158,2.5664,23
510.43,11.158,2.5664,23
510.48,11.158,2.5664,23
510.53,11.158,2.5664,23
510.58,11.158,2.5664,23
510.63,11.158,2.5664,23
510.68,11.158,2.5664,23
510.73,11.158,2.5664,23
510.78,11.158,2.5664,23
510.83,11.158,2.5664,23
510.88,11.158,2.5664,23
510.93,11.158,2.5664,23
510.98,11.158,2.5664,23
511.03,11.158,2.5664,23
511.09,11.158,2.5664,23
511.14,11.158,2.5664,23
511.19,11.158,2.5664,23
511.24,11.158,2.5664,23
511.29,11.158,2.5664,23
511.34,11.158,2.5664,23
511.39,11.158,2.5664,23
511.44,11.158,2.5664,23
511.49,19.492,4.4831,23
511.54,19.492,4.4831,23
511.59,19.492,4.4831,23
511.64,19.492,4.4831,23
511.69,19.492,4.4831,23
511.74,19.492,4.4831,23
511.79,19.492,4.4831,23
511.84,19.492,4.4831,23
511.89,19.492,4.4831,23
511.94,19.492,4.4831,23
511.99,19.492,4.4831,23
512.04,19.492,4.4831,23
512.09,19.492,4.4831,23
512.14,19.492,4.4831,23
512.19,19.492,4.4831,23
512.24,19.492,4.4831,23
512.29,19.492,4.4831,23
512.34,19.492,4.4831,23
512.39,19.492,4.4831,23
512.45,19.492,4.4831,23
512.5,19.492,4.4831,23
512.55,19.492,4.4831,23
512.6,19.492,4.4831,23
512.65,19.492,4.4831,23
512.7,19.492,4.4831,23
512.75,19.492,4.4831,23
512.8,19.492,4.4831,23
512.85,19.492,4.4831,23
512.9,19.492,4.4831,23
512.95,19.492,4.4831,23
513,19.492,4.4831,26
513.05,16.849,4.3807,26
513.1,16.849,4.3807,26
513.15,16.849,4.3807,26
513.2,16.849,4.3807,26
513.25,16.849,4.3807,26
513.3,16.849,4.3807,26
513.35,16.849,4.3807,26
513.4,16.849,4.3807,26
513.45,16.849,4.3807,26
513.5,16.849,4.3807,26
513.55,16.849,4.3807,26
513.6,16.849,4.3807,26
513.65,16.849,4.3807,26
513.7,16.849,4.3807,26
513.75,16.849,4.3807,26
513.8,16.849,4.3807,26
513.85,16.849,4.3807,26
513.91,16.849,4.3807,26
513.96,16.849,4.3807,26
514.01,16.849,4.3807,26
514.06,16.849,4.3807,26
514.11,16.849,4.3807,26
514.16,16.849,4.3807,26
514.21,16.849,4.3807,26
514.26,16.849,4.3807,26
514.31,16.849,4.3807,26
514.36,16.849,4.3807,26
514.41,16.849,4.3807,26
514.46,16.849,4.3807,24
514.51,11.285,2.7084,24
514.56,11.285,2.7084,24
514.61,11.285,2.7084,24
514.66,11.285,2.7084,24
514.71,11.285,2.7084,24
514.76,11.285,2.7084,24
514.81,11.285,2.7084,24
514.86,11.285,2.7084,24
514.91,11.285,2.7084,24
514.96,11.285,2.7084,24
515.01,11.285,2.7084,24
515.06,11.285,2.7084,24
515.11,11.285,2.7084,24
515.16,11.285,2.7084,24
515.21,11.285,2.7084,24
515.26,11.285,2.7084,24
515.31,11.285,2.7084,24
515.36,11.285,2.7084,24
515.41,11.285,2.7084,24
515.46,11.285,2.7084,24
515.51,11.285,2.7084,24
515.56,11.285,2.7084,24
515.61,11.285,2.7084,24
515.66,11.285,2.7084,24
515.71,11.285,2.7084,24
515.76,11.285,2.7084,24
515.81,11.285,2.7084,28
515.86,20.868,5.843,28
515.91,20.868,5.843,28
515.96,20.868,5.843,28
516.01,20.868,5.843,28
516.06,20.868,5.843,28
516.11,20.868,5.843,28
516.16,20.868,5.843,28
516.21,20.868,5.843,28
516.26,20.868,5.843,28
516.31,20.868,5.843,28
516.36,20.868,5.843,28
516.41,20.868,5.843,28
516.46,20.868,5.843,28
516.51,20.868,5.843,28
516.56,20.868,5.843,28
516.61,20.868,5.843,28
516.66,20.868,5.843,28
516.72,20.868,5.843,28
516.77,20.868,5.843,28
516.82,20.868,5.843,28
516.87,20.868,5.843,28
516.92,20.868,5.843,28
516.97,20.868,5.843,28
517.02,20.868,5.843,28
517.07,20.868,5.843,28
517.12,20.868,5.843,28
517.17,20.868,5.843,28
517.22,20.868,5.843,28
517.27,20.868,5.843,28
517.32,20.868,5.843,28
517.37,20.868,5.843,32
517.42,20.868,5.843,32
517.47,13.329,4.2652,32
517.52,13.329,4.2652,32
517.57,13.329,4.2652,32
517.62,13.329,4.2652,32
517.67,13.329,4.2652,32
517.72,13.329,4.2652,32
517.78,13.329,4.2652,32
517.83,13.329,4.2652,32
517.88,13.329,4.2652,32
517.93,13.329,4.2652,32
517.98,13.329,4.2652,32
518.03,13.329,4.2652,32
518.08,13.329,4.2652,32
518.13,13.329,4.2652,32
518.18,13.329,4.2652,32
518.23,13.329,4.2652,32
518.28,13.329,4.2652,32
518.33,13.329,4.2652,32
518.38,13.329,4.2652,32
518.43,13.329,4.2652,32
518.48,13.329,4.2652,32
518.53,13.329,4.2652,32
518.58,13.329,4.2652,32
518.64,13.329,4.2652,32
518.69,13.329,4.2652,32
518.74,13.329,4.2652,32
518.79,13.329,4.2652,32
518.84,13.329,4.2652,32
518.89,13.329,4.2652,26
518.94,17.343,4.5092,26
518.99,17.343,4.5092,26
519.04,17.343,4.5092,26
519.09,17.343,4.5092,26
519.14,17.343,4.5092,26
519.19,17.343,4.5092,26
519.24,17.343,4.5092,26
519.29,17.343,4.5092,26
519.34,17.343,4.5092,26
519.39,17.343,4.5092,26
519.44,17.343,4.5092,26
519.49,17.343,4.5092,26
519.54,17.343,4.5092,26
519.59,17.343,4.5092,26
519.64,17.343,4.5092,26
519.69,17.343,4.5092,26
519.74,17.343,4.5092,26
519.79,17.343,4.5092,26
519.84,17.343,4.5092,26
519.89,17.343,4.5092,26
519.95,17.343,4.5092,26
519.99,17.343,4.5092,26
520.04,17.343,4.5092,26
520.09,17.343,4.5092,26
520.14,17.343,4.5092,26
520.19,17.343,4.5092,26
520.24,17.343,4.5092,26
520.29,17.343,4.5092,26
520.34,17.343,4.5092,26
520.39,17.343,4.5092,26
520.44,17.343,4.5092,26
520.5,17.343,4.5092,28
520.55,17.599,4.9279,28
520.6,17.599,4.9279,28
520.65,17.599,4.9279,28
520.7,17.599,4.9279,28
520.75,17.599,4.9279,28
520.8,17.599,4.9279,28
520.85,17.599,4.9279,28
520.9,17.599,4.9279,28
520.95,17.599,4.9279,28
521,17.599,4.9279,28
521.05,17.599,4.9279,28
521.1,17.599,4.9279,28
521.15,17.599,4.9279,28
521.2,17.599,4.9279,28
521.25,17.599,4.9279,28
521.3,17.599,4.9279,28
521.36,17.599,4.9279,28
521.41,17.599,4.9279,28
521.46,17.599,4.9279,28
521.51,17.599,4.9279,28
521.56,17.599,4.9279,28
521.61,17.599,4.9279,28
521.66,17.599,4.9279,28
521.71,17.599,4.9279,28
521.76,17.599,4.9279,28
521.81,17.599,4.9279,28
521.86,17.599,4.9279,28
521.91,17.599,4.9279,28
521.96,17.599,4.9279,24
522.01,25.702,6.1685,24
522.06,25.702,6.1685,24
522.11,25.702,6.1685,24
522.16,25.702,6.1685,24
522.21,25.702,6.1685,24
522.26,25.702,6.1685,24
522.31,25.702,6.1685,24
522.36,25.702,6.1685,24
522.41,25.702,6.1685,24
522.46,25.702,6.1685,24
522.51,25.702,6.1685,24
522.56,25.702,6.1685,24
522.62,25.702,6.1685,24
522.67,25.702,6.1685,24
522.72,25.702,6.1685,24
522.77,25.702,6.1685,24
522.82,25.702,6.1685,24
522.87,25.702,6.1685,24
522.92,25.702,6.1685,24
522.97,25.702,6.1685,24
523.02,25.702,6.1685,24
523.07,25.702,6.1685,24
523.12,25.702,6.1685,24
523.17,25.702,6.1685,24
523.22,25.702,6.1685,24
523.27,25.702,6.1685,24
523.32,25.702,6.1685,24
523.37,25.702,6.1685,24
523.42,25.702,6.1685,24
523.48,25.702,6.1685,24
523.53,25.702,6.1685,24
523.58,25.702,6.1685,24
523.63,25.702,6.1685,24
523.68,25.702,6.1685,24
523.73,25.702,6.1685,24
523.78,25.702,6.1685,26
523.83,17.971,4.6725,26
523.88,17.971,4.6725,26
523.93,17.971,4.6725,26
523.98,17.971,4.6725,26
524.03,17.971,4.6725,26
524.08,17.971,4.6725,26
524.13,17.971,4.6725,26
524.18,17.971,4.6725,26
524.23,17.971,4.6725,26
524.28,17.971,4.6725,26
524.33,17.971,4.6725,26
524.38,17.971,4.6725,26
524.43,17.971,4.6725,26
524.48,17.971,4.6725,26
524.53,17.971,4.6725,26
524.58,17.971,4.6725,26
524.64,17.971,4.6725,26
524.69,17.971,4.6725,26
524.74,17.971,4.6725,26
524.79,17.971,4.6725,26
524.84,17.971,4.6725,26
524.89,17.971,4.6725,26
524.94,17.971,4.6725,26
524.99,17.971,4.6725,26
525.04,17.971,4.6725,26
525.09,17.971,4.6725,26
525.14,17.971,4.6725,26
525.19,17.971,4.6725,26
525.24,17.971,4.6725,26
525.29,17.971,4.6725,27
525.34,21.73,5.8672,27
525.39,21.73,5.8672,27
525.44,21.73,5.8672,27
525.49,21.73,5.8672,27
525.55,21.73,5.8672,27
525.6,21.73,5.8672,27
525.65,21.73,5.8672,27
525.7,21.73,5.8672,27
525.75,21.73,5.8672,27
525.8,21.73,5.8672,27
525.85,21.73,5.8672,27
525.9,21.73,5.8672,27
525.95,21.73,5.8672,27
526,21.73,5.8672,27
526.05,21.73,5.8672,27
526.1,21.73,5.8672,27
526.15,21.73,5.8672,27
526.2,21.73,5.8672,27
526.25,21.73,5.8672,27
526.3,21.73,5.8672,27
526.35,21.73,5.8672,27
526.4,21.73,5.8672,27
526.45,21.73,5.8672,27
526.5,21.73,5.8672,27
526.55,21.73,5.8672,27
526.6,21.73,5.8672,27
526.65,21.73,5.8672,27
526.7,21.73,5.8672,26
526.75,9.0163,2.3443,26
526.81,9.0163,2.3443,26
526.86,9.0163,2.3443,26
526.91,9.0163,2.3443,26
526.96,9.0163,2.3443,26
527.01,9.0163,2.3443,26
527.06,9.0163,2.3443,26
527.11,9.0163,2.3443,26
527.16,9.0163,2.3443,26
527.21,9.0163,2.3443,26
527.26,9.0163,2.3443,26
527.31,9.0163,2.3443,26
527.36,9.0163,2.3443,26
527.48,9.0163,2.3443,26
527.48,9.0163,2.3443,26
527.51,9.0163,2.3443,26
527.56,9.0163,2.3443,26
527.61,9.0163,2.3443,26
527.66,9.0163,2.3443,26
527.71,9.0163,2.3443,26
527.76,9.0163,2.3443,26
527.81,9.0163,2.3443,26
527.86,9.0163,2.3443,26
527.91,9.0163,2.3443,26
527.96,9.0163,2.3443,26
528.02,9.0163,2.3443,26
528.07,9.0163,2.3443,26
528.12,9.0163,2.3443,26
528.17,9.0163,2.3443,26
528.22,9.0163,2.3443,27
528.27,9.0163,2.3443,27
528.32,9.0163,2.3443,27
528.37,19.017,5.1345,27
528.42,19.017,5.1345,27
528.47,19.017,5.1345,27
528.52,19.017,5.1345,27
528.57,19.017,5.1345,27
528.62,19.017,5.1345,27
528.67,19.017,5.1345,27
528.72,19.017,5.1345,27
528.77,19.017,5.1345,27
528.82,19.017,5.1345,27
528.87,19.017,5.1345,27
528.92,19.017,5.1345,27
528.98,19.017,5.1345,27
529.03,19.017,5.1345,27
529.08,19.017,5.1345,27
529.13,19.017,5.1345,27
529.18,19.017,5.1345,27
529.23,19.017,5.1345,27
529.28,19.017,5.1345,27
529.33,19.017,5.1345,27
529.38,19.017,5.1345,27
529.43,19.017,5.1345,27
529.48,19.017,5.1345,27
529.53,19.017,5.1345,27
529.58,19.017,5.1345,27
529.63,19.017,5.1345,27
529.68,19.017,5.1345,27
529.74,19.017,5.1345,27
529.79,19.017,5.1345,27
529.84,19.017,5.1345,27
529.89,19.017,5.1345,27
529.94,19.017,5.1345,34
529.99,35.37,12.026,34
530.04,35.37,12.026,34
530.09,35.37,12.026,34
530.14,35.37,12.026,34
530.19,35.37,12.026,34
530.24,35.37,12.026,34
530.29,35.37,12.026,34
530.34,35.37,12.026,34
530.39,35.37,12.026,34
530.44,35.37,12.026,34
530.49,35.37,12.026,34
530.54,35.37,12.026,34
530.59,35.37,12.026,34
530.64,35.37,12.026,34
530.69,35.37,12.026,34
530.74,35.37,12.026,34
530.79,35.37,12.026,34
530.84,35.37,12.026,34
530.89,35.37,12.026,34
530.94,35.37,12.026,34
530.99,35.37,12.026,34
531.04,35.37,12.026,34
531.1,35.37,12.026,34
531.14,35.37,12.026,34
531.2,35.37,12.026,34
531.25,35.37,12.026,34
531.3,35.37,12.026,34
531.35,35.37,12.026,36
531.4,13.613,4.9005,36
531.45,13.613,4.9005,36
531.5,13.613,4.9005,36
531.55,13.613,4.9005,36
531.6,13.613,4.9005,36
531.65,13.613,4.9005,36
531.7,13.613,4.9005,36
531.75,13.613,4.9005,36
531.8,13.613,4.9005,36
531.85,13.613,4.9005,36
531.9,13.613,4.9005,36
531.95,13.613,4.9005,36
532,13.613,4.9005,36
532.05,13.613,4.9005,36
532.1,13.613,4.9005,36
532.15,13.613,4.9005,36
532.2,13.613,4.9005,36
532.25,13.613,4.9005,36
532.3,13.613,4.9005,36
532.35,13.613,4.9005,36
532.4,13.613,4.9005,36
532.45,13.613,4.9005,36
532.5,13.613,4.9005,36
532.55,13.613,4.9005,36
532.6,13.613,4.9005,36
532.65,13.613,4.9005,36
532.7,13.613,4.9005,36
532.75,13.613,4.9005,36
532.8,13.613,4.9005,36
532.85,13.613,4.9005,36
532.9,13.613,4.9005,36
532.96,13.613,4.9005,27
533.01,11.598,3.1315,27
533.06,11.598,3.1315,27
533.11,11.598,3.1315,27
533.16,11.598,3.1315,27
533.21,11.598,3.1315,27
533.26,11.598,3.1315,27
533.31,11.598,3.1315,27
533.36,11.598,3.1315,27
533.41,11.598,3.1315,27
533.46,11.598,3.1315,27
533.51,11.598,3.1315,27
533.56,11.598,3.1315,27
533.61,11.598,3.1315,27
533.66,11.598,3.1315,27
533.71,11.598,3.1315,27
533.76,11.598,3.1315,27
533.81,11.598,3.1315,27
533.87,11.598,3.1315,27
533.92,11.598,3.1315,27
533.97,11.598,3.1315,27
534.02,11.598,3.1315,27
534.07,11.598,3.1315,27
534.12,11.598,3.1315,27
534.17,11.598,3.1315,27
534.22,11.598,3.1315,27
534.27,11.598,3.1315,27
534.32,11.598,3.1315,27
534.37,11.598,3.1315,27
534.42,11.598,3.1315,27
534.47,11.598,3.1315,27
534.52,11.598,3.1315,27
534.57,11.598,3.1315,30
534.62,17.885,5.3656,30
534.68,17.885,5.3656,30
534.73,17.885,5.3656,30
534.78,17.885,5.3656,30
534.83,17.885,5.3656,30
534.88,17.885,5.3656,30
534.93,17.885,5.3656,30
534.98,17.885,5.3656,30
535.03,17.885,5.3656,30
535.08,17.885,5.3656,30
535.13,17.885,5.3656,30
535.18,17.885,5.3656,30
535.23,17.885,5.3656,30
535.28,17.885,5.3656,30
535.33,17.885,5.3656,30
535.38,17.885,5.3656,30
535.44,17.885,5.3656,30
535.49,17.885,5.3656,30
535.54,17.885,5.3656,30
535.59,17.885,5.3656,30
535.64,17.885,5.3656,30
535.69,17.885,5.3656,30
535.74,17.885,5.3656,30
535.79,17.885,5.3656,30
535.84,17.885,5.3656,30
535.89,17.885,5.3656,30
535.94,17.885,5.3656,30
535.99,17.885,5.3656,30
536.05,17.885,5.3656,30
536.1,17.885,5.3656,30
536.15,17.885,5.3656,30
536.2,17.885,5.3656,30
536.25,17.885,5.3656,30
536.3,17.885,5.3656,30
536.35,17.885,5.3656,30
536.4,17.885,5.3656,30
536.45,17.885,5.3656,30
536.5,17.885,5.3656,30
536.55,17.885,5.3656,30
536.6,17.885,5.3656,30
536.65,17.885,5.3656,30
536.7,17.885,5.3656,34
536.75,10.356,3.5212,34
536.8,10.356,3.5212,34
536.85,10.356,3.5212,34
536.9,10.356,3.5212,34
536.95,10.356,3.5212,34
537,10.356,3.5212,34
537.05,10.356,3.5212,34
537.1,10.356,3.5212,34
537.15,10.356,3.5212,34
537.2,10.356,3.5212,34
537.25,10.356,3.5212,34
537.3,10.356,3.5212,34
537.35,10.356,3.5212,34
537.4,10.356,3.5212,34
537.45,10.356,3.5212,34
537.5,10.356,3.5212,34
537.55,10.356,3.5212,34
537.6,10.356,3.5212,34
537.65,10.356,3.5212,34
537.7,10.356,3.5212,34
537.75,10.356,3.5212,34
537.8,10.356,3.5212,34
537.85,10.356,3.5212,34
537.9,10.356,3.5212,34
537.95,10.356,3.5212,34
538,10.356,3.5212,34
538.05,10.356,3.5212,34
538.1,10.356,3.5212,34
538.15,10.356,3.5212,31
538.2,18.845,5.8418,31
538.26,18.845,5.8418,31
538.31,18.845,5.8418,31
538.36,18.845,5.8418,31
538.41,18.845,5.8418,31
538.46,18.845,5.8418,31
538.51,18.845,5.8418,31
538.56,18.845,5.8418,31
538.61,18.845,5.8418,31
538.66,18.845,5.8418,31
538.71,18.845,5.8418,31
538.76,18.845,5.8418,31
538.81,18.845,5.8418,31
538.86,18.845,5.8418,31
538.91,18.845,5.8418,31
538.96,18.845,5.8418,31
539.01,18.845,5.8418,31
539.06,18.845,5.8418,31
539.11,18.845,5.8418,31
539.16,18.845,5.8418,31
539.21,18.845,5.8418,31
539.26,18.845,5.8418,31
539.31,18.845,5.8418,31
539.36,18.845,5.8418,31
539.41,18.845,5.8418,31
539.46,18.845,5.8418,31
539.51,18.845,5.8418,31
539.56,18.845,5.8418,28
539.61,12.062,3.3773,28
539.66,12.062,3.3773,28
539.71,12.062,3.3773,28
539.76,12.062,3.3773,28
539.81,12.062,3.3773,28
539.86,12.062,3.3773,28
539.91,12.062,3.3773,28
539.96,12.062,3.3773,28
540.01,12.062,3.3773,28
540.06,12.062,3.3773,28
540.11,12.062,3.3773,28
540.16,12.062,3.3773,28
540.21,12.062,3.3773,28
540.26,12.062,3.3773,28
540.31,12.062,3.3773,28
540.36,12.062,3.3773,28
540.41,12.062,3.3773,28
540.47,12.062,3.3773,28
540.52,12.062,3.3773,28
540.57,12.062,3.3773,28
540.62,12.062,3.3773,28
540.67,12.062,3.3773,28
540.72,12.062,3.3773,28
540.77,12.062,3.3773,28
540.82,12.062,3.3773,28
540.87,12.062,3.3773,28
540.92,12.062,3.3773,28
540.97,12.062,3.3773,28
541.02,12.062,3.3773,28
541.07,12.062,3.3773,28
541.12,10.736,3.0062,28
541.17,10.736,3.0062,28
541.22,10.736,3.0062,28
541.27,10.736,3.0062,28
541.32,10.736,3.0062,28
541.37,10.736,3.0062,28
541.42,10.736,3.0062,28
541.47,10.736,3.0062,28
541.52,10.736,3.0062,28
541.58,10.736,3.0062,28
541.62,10.736,3.0062,28
541.68,10.736,3.0062,28
541.73,10.736,3.0062,28
541.78,10.736,3.0062,28
541.83,10.736,3.0062,28
541.88,10.736,3.0062,28
541.93,10.736,3.0062,28
541.98,10.736,3.0062,28
542.03,10.736,3.0062,28
542.08,10.736,3.0062,28
542.13,10.736,3.0062,28
542.18,10.736,3.0062,28
542.23,10.736,3.0062,28
542.28,10.736,3.0062,28
542.33,10.736,3.0062,28
542.38,10.736,3.0062,28
542.43,10.736,3.0062,28
542.48,10.736,3.0062,28
542.54,10.736,3.0062,28
542.59,10.736,3.0062,28
542.64,10.736,3.0062,28
542.69,10.736,3.0062,28
542.74,10.736,3.0062,28
542.79,10.736,3.0062,28
542.84,10.736,3.0062,28
542.89,10.736,3.0062,28
542.94,10.736,3.0062,28
542.99,10.736,3.0062,23
543.04,14.726,3.387,23
543.09,14.726,3.387,23
543.14,14.726,3.387,23
543.19,14.726,3.387,23
543.24,14.726,3.387,23
543.29,14.726,3.387,23
543.34,14.726,3.387,23
543.39,14.726,3.387,23
543.44,14.726,3.387,23
543.49,14.726,3.387,23
543.54,14.726,3.387,23
543.59,14.726,3.387,23
543.64,14.726,3.387,23
543.69,14.726,3.387,23
543.74,14.726,3.387,23
543.79,14.726,3.387,23
543.84,14.726,3.387,23
543.89,14.726,3.387,23
543.94,14.726,3.387,23
543.99,14.726,3.387,23
544.04,14.726,3.387,23
544.09,14.726,3.387,23
544.14,14.726,3.387,23
544.19,14.726,3.387,23
544.24,14.726,3.387,23
544.29,14.726,3.387,27
544.34,19.601,5.2923,27
544.39,19.601,5.2923,27
544.44,19.601,5.2923,27
544.49,19.601,5.2923,27
544.54,19.601,5.2923,27
544.59,19.601,5.2923,27
544.64,19.601,5.2923,27
544.69,19.601,5.2923,27
544.75,19.601,5.2923,27
544.8,19.601,5.2923,27
544.85,19.601,5.2923,27
544.9,19.601,5.2923,27
544.95,19.601,5.2923,27
545,19.601,5.2923,27
545.05,19.601,5.2923,27
545.1,19.601,5.2923,27
545.15,19.601,5.2923,27
545.2,19.601,5.2923,27
545.26,19.601,5.2923,27
545.3,19.601,5.2923,27
545.35,19.601,5.2923,27
545.4,19.601,5.2923,27
545.45,19.601,5.2923,27
545.51,19.601,5.2923,27
545.56,19.601,5.2923,27
545.61,19.601,5.2923,27
545.66,19.601,5.2923,27
545.71,19.601,5.2923,27
545.76,19.601,5.2923,27
545.81,19.601,5.2923,27
545.86,19.601,5.2923,27
545.91,19.601,5.2923,26
545.96,18.164,4.7226,26
546.01,18.164,4.7226,26
546.06,18.164,4.7226,26
546.11,18.164,4.7226,26
546.16,18.164,4.7226,26
546.21,18.164,4.7226,26
546.26,18.164,4.7226,26
546.31,18.164,4.7226,26
546.36,18.164,4.7226,26
546.41,18.164,4.7226,26
546.46,18.164,4.7226,26
546.51,18.164,4.7226,26
546.56,18.164,4.7226,26
546.61,18.164,4.7226,26
546.66,18.164,4.7226,26
546.71,18.164,4.7226,26
546.76,18.164,4.7226,26
546.81,18.164,4.7226,26
546.86,18.164,4.7226,26
546.91,18.164,4.7226,26
546.96,18.164,4.7226,26
547.01,18.164,4.7226,26
547.06,18.164,4.7226,26
547.11,18.164,4.7226,26
547.16,18.164,4.7226,26
547.21,18.164,4.7226,26
547.26,18.164,4.7226,26
547.31,18.164,4.7226,26
547.36,18.164,4.7226,26
547.41,18.164,4.7226,26
547.46,18.164,4.7226,15
547.51,22.956,3.4434,15
547.56,22.956,3.4434,15
547.61,22.956,3.4434,15
547.66,22.956,3.4434,15
547.71,22.956,3.4434,15
547.76,22.956,3.4434,15
547.81,22.956,3.4434,15
547.86,22.956,3.4434,15
547.91,22.956,3.4434,15
547.96,22.956,3.4434,15
548.01,22.956,3.4434,15
548.06,22.956,3.4434,15
548.11,22.956,3.4434,15
548.16,22.956,3.4434,15
548.21,22.956,3.4434,15
548.26,22.956,3.4434,15
548.31,22.956,3.4434,15
548.36,22.956,3.4434,15
548.42,22.956,3.4434,15
548.47,22.956,3.4434,15
548.52,22.956,3.4434,15
548.57,22.956,3.4434,15
548.62,22.956,3.4434,15
548.66,22.956,3.4434,15
548.72,22.956,3.4434,15
548.77,22.956,3.4434,15
548.82,22.956,3.4434,15
548.87,22.956,3.4434,15
548.92,22.956,3.4434,15
548.97,22.956,3.4434,15
549.02,22.956,3.4434,15
549.07,22.956,3.4434,15
549.12,22.956,3.4434,15
549.17,19.776,4.3507,22
549.22,19.776,4.3507,22
549.27,19.776,4.3507,22
549.32,19.776,4.3507,22
549.37,19.776,4.3507,22
549.42,19.776,4.3507,22
549.47,19.776,4.3507,22
549.52,19.776,4.3507,22
549.57,19.776,4.3507,22
549.62,19.776,4.3507,22
549.67,19.776,4.3507,22
549.72,19.776,4.3507,22
549.77,19.776,4.3507,22
549.82,19.776,4.3507,22
549.87,19.776,4.3507,22
549.92,19.776,4.3507,22
549.97,19.776,4.3507,22
550.02,19.776,4.3507,22
550.07,19.776,4.3507,22
550.12,19.776,4.3507,22
550.17,19.776,4.3507,22
550.22,19.776,4.3507,22
550.27,19.776,4.3507,22
550.32,19.776,4.3507,22
550.37,19.776,4.3507,22
550.42,19.776,4.3507,22
550.47,19.776,4.3507,22
550.52,19.776,4.3507,22
550.57,19.776,4.3507,22
550.62,19.776,4.3507,31
550.67,37.714,11.691,31
550.72,37.714,11.691,31
550.77,37.714,11.691,31
550.82,37.714,11.691,31
550.87,37.714,11.691,31
550.92,37.714,11.691,31
550.97,37.714,11.691,31
551.02,37.714,11.691,31
551.07,37.714,11.691,31
551.12,37.714,11.691,31
551.17,37.714,11.691,31
551.22,37.714,11.691,31
551.27,37.714,11.691,31
551.32,37.714,11.691,31
551.37,37.714,11.691,31
551.42,37.714,11.691,31
551.47,37.714,11.691,31
551.52,37.714,11.691,31
551.57,37.714,11.691,31
551.62,37.714,11.691,31
551.67,37.714,11.691,31
551.72,37.714,11.691,31
551.77,37.714,11.691,31
551.82,37.714,11.691,31
551.87,37.714,11.691,31
551.92,37.714,11.691,31
551.97,37.714,11.691,31
552.02,37.714,11.691,31
552.07,37.714,11.691,31
552.12,37.714,11.691,31
552.17,37.714,11.691,31
552.22,37.714,11.691,29
552.27,18.469,5.356,29
552.32,18.469,5.356,29
552.37,18.469,5.356,29
552.42,18.469,5.356,29
552.47,18.469,5.356,29
552.52,18.469,5.356,29
552.57,18.469,5.356,29
552.62,18.469,5.356,29
552.68,18.469,5.356,29
552.73,18.469,5.356,29
552.78,18.469,5.356,29
552.83,18.469,5.356,29
552.88,18.469,5.356,29
552.93,18.469,5.356,29
552.98,18.469,5.356,29
553.03,18.469,5.356,29
553.08,18.469,5.356,29
553.13,18.469,5.356,29
553.18,18.469,5.356,29
553.23,18.469,5.356,29
553.28,18.469,5.356,29
553.33,18.469,5.356,29
553.38,18.469,5.356,29
553.43,18.469,5.356,29
553.48,18.469,5.356,29
553.53,18.469,5.356,29
553.58,18.469,5.356,29
553.63,18.469,5.356,29
553.68,18.469,5.356,29
553.73,18.469,5.356,29
553.78,18.469,5.356,21
553.83,38.795,8.1469,21
553.88,38.795,8.1469,21
553.93,38.795,8.1469,21
553.98,38.795,8.1469,21
554.03,38.795,8.1469,21
554.08,38.795,8.1469,21
554.13,38.795,8.1469,21
554.18,38.795,8.1469,21
554.23,38.795,8.1469,21
554.28,38.795,8.1469,21
554.33,38.795,8.1469,21
554.38,38.795,8.1469,21
554.43,38.795,8.1469,21
554.48,38.795,8.1469,21
554.53,38.795,8.1469,21
554.58,38.795,8.1469,21
554.63,38.795,8.1469,21
554.68,38.795,8.1469,21
554.73,38.795,8.1469,21
554.78,38.795,8.1469,21
554.83,38.795,8.1469,21
554.88,38.795,8.1469,21
554.93,38.795,8.1469,21
554.98,38.795,8.1469,21
555.03,38.795,8.1469,21
555.08,38.795,8.1469,21
555.13,38.795,8.1469,21
555.19,38.795,8.1469,21
555.24,38.795,8.1469,21
555.29,38.795,8.1469,21
555.34,38.795,8.1469,21
555.39,38.795,8.1469,21
555.44,38.795,8.1469,21
555.49,38.795,8.1469,21
555.54,38.795,8.1469,21
555.59,38.795,8.1469,33
555.64,38.795,8.1469,33
555.77,28.672,9.4619,33
555.77,28.672,9.4619,33
555.79,28.672,9.4619,33
555.84,28.672,9.4619,33
555.89,28.672,9.4619,33
555.94,28.672,9.4619,33
555.99,28.672,9.4619,33
556.04,28.672,9.4619,33
556.09,28.672,9.4619,33
556.14,28.672,9.4619,33
556.19,28.672,9.4619,33
556.24,28.672,9.4619,33
556.29,28.672,9.4619,33
556.34,28.672,9.4619,33
556.39,28.672,9.4619,33
556.44,28.672,9.4619,33
556.49,28.672,9.4619,33
556.54,28.672,9.4619,33
556.59,28.672,9.4619,33
556.64,28.672,9.4619,33
556.7,28.672,9.4619,33
556.75,28.672,9.4619,33
556.8,28.672,9.4619,33
556.85,28.672,9.4619,33
556.9,28.672,9.4619,33
556.95,28.672,9.4619,33
557,28.672,9.4619,33
557.05,28.672,9.4619,33
557.1,28.672,9.4619,35
557.15,28.672,9.4619,35
557.2,13.759,4.8156,35
557.25,13.759,4.8156,35
557.3,13.759,4.8156,35
557.35,13.759,4.8156,35
557.4,13.759,4.8156,35
557.45,13.759,4.8156,35
557.51,13.759,4.8156,35
557.56,13.759,4.8156,35
557.61,13.759,4.8156,35
557.66,13.759,4.8156,35
557.71,13.759,4.8156,35
557.76,13.759,4.8156,35
557.81,13.759,4.8156,35
557.86,13.759,4.8156,35
557.91,13.759,4.8156,35
557.96,13.759,4.8156,35
558.01,13.759,4.8156,35
558.06,13.759,4.8156,35
558.11,13.759,4.8156,35
558.16,13.759,4.8156,35
558.21,13.759,4.8156,35
558.26,13.759,4.8156,35
558.31,13.759,4.8156,35
558.36,13.759,4.8156,35
558.41,13.759,4.8156,35
558.46,13.759,4.8156,35
558.51,13.759,4.8156,35
558.56,13.759,4.8156,35
558.61,13.759,4.8156,35
558.66,13.759,4.8156,29
558.71,13.759,4.8156,29
558.76,47.056,13.646,29
558.81,47.056,13.646,29
558.86,47.056,13.646,29
558.91,47.056,13.646,29
558.96,47.056,13.646,29
559.02,47.056,13.646,29
559.07,47.056,13.646,29
559.12,47.056,13.646,29
559.17,47.056,13.646,29
559.22,47.056,13.646,29
559.27,47.056,13.646,29
559.32,47.056,13.646,29
559.37,47.056,13.646,29
559.42,47.056,13.646,29
559.47,47.056,13.646,29
559.52,47.056,13.646,29
559.57,47.056,13.646,29
559.62,47.056,13.646,29
559.67,47.056,13.646,29
559.72,47.056,13.646,29
559.77,47.056,13.646,29
559.82,47.056,13.646,29
559.87,47.056,13.646,29
559.92,47.056,13.646,29
559.97,47.056,13.646,29
560.02,47.056,13.646,29
560.07,47.056,13.646,34
560.12,11.878,4.0385,34
560.17,11.878,4.0385,34
560.22,11.878,4.0385,34
560.27,11.878,4.0385,34
560.32,11.878,4.0385,34
560.37,11.878,4.0385,34
560.42,11.878,4.0385,34
560.47,11.878,4.0385,34
560.52,11.878,4.0385,34
560.58,11.878,4.0385,34
560.63,11.878,4.0385,34
560.68,11.878,4.0385,34
560.73,11.878,4.0385,34
560.78,11.878,4.0385,34
560.83,11.878,4.0385,34
560.88,11.878,4.0385,34
560.93,11.878,4.0385,34
560.98,11.878,4.0385,34
561.03,11.878,4.0385,34
561.08,11.878,4.0385,34
561.13,11.878,4.0385,34
561.18,11.878,4.0385,34
561.23,11.878,4.0385,34
561.29,11.878,4.0385,34
561.34,11.878,4.0385,34
561.39,11.878,4.0385,34
561.44,11.878,4.0385,34
561.49,11.878,4.0385,34
561.54,11.878,4.0385,34
561.59,11.878,4.0385,34
561.64,11.878,4.0385,17
561.69,32.476,5.5209,17
561.74,32.476,5.5209,17
561.79,32.476,5.5209,17
561.84,32.476,5.5209,17
561.89,32.476,5.5209,17
561.94,32.476,5.5209,17
561.99,32.476,5.5209,17
562.04,32.476,5.5209,17
562.09,32.476,5.5209,17
562.14,32.476,5.5209,17
562.19,32.476,5.5209,17
562.24,32.476,5.5209,17
562.29,32.476,5.5209,17
562.34,32.476,5.5209,17
562.39,32.476,5.5209,17
562.44,32.476,5.5209,17
562.49,32.476,5.5209,17
562.54,32.476,5.5209,17
562.59,32.476,5.5209,17
562.64,32.476,5.5209,17
562.69,32.476,5.5209,17
562.74,32.476,5.5209,17
562.79,32.476,5.5209,17
562.84,32.476,5.5209,17
562.89,32.476,5.5209,17
562.95,32.476,5.5209,17
563,32.476,5.5209,17
563.05,32.476,5.5209,17
563.1,32.476,5.5209,13
563.15,18.912,2.4585,13
563.2,18.912,2.4585,13
563.25,18.912,2.4585,13
563.3,18.912,2.4585,13
563.35,18.912,2.4585,13
563.4,18.912,2.4585,13
563.45,18.912,2.4585,13
563.5,18.912,2.4585,13
563.55,18.912,2.4585,13
563.6,18.912,2.4585,13
563.65,18.912,2.4585,13
563.7,18.912,2.4585,13
563.75,18.912,2.4585,13
563.8,18.912,2.4585,13
563.85,18.912,2.4585,13
563.9,18.912,2.4585,13
563.95,18.912,2.4585,13
564,18.912,2.4585,13
564.05,18.912,2.4585,13
564.1,18.912,2.4585,13
564.15,18.912,2.4585,13
564.2,18.912,2.4585,13
564.25,18.912,2.4585,13
564.3,18.912,2.4585,13
564.35,18.912,2.4585,13
564.4,18.912,2.4585,13
564.45,18.912,2.4585,13
564.5,18.912,2.4585,18
564.55,24.883,4.479,18
564.6,24.883,4.479,18
564.65,24.883,4.479,18
564.7,24.883,4.479,18
564.75,24.883,4.479,18
564.8,24.883,4.479,18
564.86,24.883,4.479,18
564.91,24.883,4.479,18
564.96,24.883,4.479,18
565.01,24.883,4.479,18
565.06,24.883,4.479,18
565.11,24.883,4.479,18
565.16,24.883,4.479,18
565.21,24.883,4.479,18
565.26,24.883,4.479,18
565.31,24.883,4.479,18
565.36,24.883,4.479,18
565.41,24.883,4.479,18
565.46,24.883,4.479,18
565.51,24.883,4.479,18
565.56,24.883,4.479,18
565.61,24.883,4.479,18
565.66,24.883,4.479,18
565.71,24.883,4.479,18
565.76,24.883,4.479,18
565.81,24.883,4.479,18
565.86,24.883,4.479,30
565.91,25.193,7.5579,30
565.96,25.193,7.5579,30
566.01,25.193,7.5579,30
566.06,25.193,7.5579,30
566.11,25.193,7.5579,30
566.16,25.193,7.5579,30
566.21,25.193,7.5579,30
566.26,25.193,7.5579,30
566.31,25.193,7.5579,30
566.36,25.193,7.5579,30
566.41,25.193,7.5579,30
566.46,25.193,7.5579,30
566.52,25.193,7.5579,30
566.57,25.193,7.5579,30
566.62,25.193,7.5579,30
566.67,25.193,7.5579,30
566.72,25.193,7.5579,30
566.77,25.193,7.5579,30
566.82,25.193,7.5579,30
566.87,25.193,7.5579,30
566.92,25.193,7.5579,30
566.97,25.193,7.5579,30
567.02,25.193,7.5579,30
567.07,25.193,7.5579,30
567.12,25.193,7.5579,30
567.17,25.193,7.5579,30
567.22,25.193,7.5579,30
567.27,25.193,7.5579,30
567.32,25.193,7.5579,30
567.37,25.193,7.5579,30
567.42,25.193,7.5579,30
567.47,25.193,7.5579,30
567.53,25.193,7.5579,30
567.58,25.193,7.5579,30
567.63,25.193,7.5579,30
567.68,25.193,7.5579,30
567.73,25.193,7.5579,30
567.78,25.193,7.5579,30
567.83,25.193,7.5579,30
567.88,25.193,7.5579,30
567.93,25.193,7.5579,30
567.98,25.193,7.5579,26
568.03,28.375,7.3775,26
568.08,28.375,7.3775,26
568.13,28.375,7.3775,26
568.18,28.375,7.3775,26
568.23,28.375,7.3775,26
568.28,28.375,7.3775,26
568.33,28.375,7.3775,26
568.38,28.375,7.3775,26
568.43,28.375,7.3775,26
568.48,28.375,7.3775,26
568.61,28.375,7.3775,26
568.61,28.375,7.3775,26
568.63,28.375,7.3775,26
568.68,28.375,7.3775,26
568.73,28.375,7.3775,26
568.78,28.375,7.3775,26
568.83,28.375,7.3775,26
568.89,28.375,7.3775,26
568.94,28.375,7.3775,26
568.99,28.375,7.3775,26
569.04,28.375,7.3775,26
569.09,28.375,7.3775,26
569.14,28.375,7.3775,26
569.19,28.375,7.3775,26
569.24,28.375,7.3775,26
569.29,28.375,7.3775,26
569.34,28.375,7.3775,26
569.39,28.375,7.3775,26
569.44,28.375,7.3775,30
569.49,21.114,6.3343,30
569.54,21.114,6.3343,30
569.59,21.114,6.3343,30
569.64,21.114,6.3343,30
569.69,21.114,6.3343,30
569.74,21.114,6.3343,30
569.79,21.114,6.3343,30
569.84,21.114,6.3343,30
569.89,21.114,6.3343,30
569.94,21.114,6.3343,30
569.99,21.114,6.3343,30
570.04,21.114,6.3343,30
570.09,21.114,6.3343,30
570.14,21.114,6.3343,30
570.19,21.114,6.3343,30
570.24,21.114,6.3343,30
570.29,21.114,6.3343,30
570.35,21.114,6.3343,30
570.4,21.114,6.3343,30
570.45,21.114,6.3343,30
570.5,21.114,6.3343,30
570.55,21.114,6.3343,30
570.6,21.114,6.3343,30
570.65,21.114,6.3343,30
570.7,21.114,6.3343,30
570.75,21.114,6.3343,30
570.8,21.114,6.3343,30
570.85,21.114,6.3343,30
570.9,21.114,6.3343,30
570.95,21.114,6.3343,41
571,16.611,6.8104,41
571.05,16.611,6.8104,41
571.1,16.611,6.8104,41
571.15,16.611,6.8104,41
571.2,16.611,6.8104,41
571.25,16.611,6.8104,41
571.3,16.611,6.8104,41
571.35,16.611,6.8104,41
571.4,16.611,6.8104,41
571.45,16.611,6.8104,41
571.5,16.611,6.8104,41
571.55,16.611,6.8104,41
571.6,16.611,6.8104,41
571.65,16.611,6.8104,41
571.71,16.611,6.8104,41
571.76,16.611,6.8104,41
571.81,16.611,6.8104,41
571.86,16.611,6.8104,41
571.91,16.611,6.8104,41
571.96,16.611,6.8104,41
572.01,16.611,6.8104,41
572.06,16.611,6.8104,41
572.11,16.611,6.8104,41
572.16,16.611,6.8104,41
572.21,16.611,6.8104,41
572.26,16.611,6.8104,41
572.31,16.611,6.8104,41
572.36,16.611,6.8104,41
572.41,16.611,6.8104,41
572.46,16.611,6.8104,35
572.51,17.977,6.2919,35
572.56,17.977,6.2919,35
572.61,17.977,6.2919,35
572.66,17.977,6.2919,35
572.71,17.977,6.2919,35
572.76,17.977,6.2919,35
572.81,17.977,6.2919,35
572.86,17.977,6.2919,35
572.91,17.977,6.2919,35
572.96,17.977,6.2919,35
573.01,17.977,6.2919,35
573.06,17.977,6.2919,35
573.11,17.977,6.2919,35
573.16,17.977,6.2919,35
573.21,17.977,6.2919,35
573.26,17.977,6.2919,35
573.31,17.977,6.2919,35
573.36,17.977,6.2919,35
573.41,17.977,6.2919,35
573.46,17.977,6.2919,35
573.51,17.977,6.2919,35
573.56,17.977,6.2919,35
573.61,17.977,6.2919,35
573.66,17.977,6.2919,35
573.71,17.977,6.2919,35
573.76,17.977,6.2919,35
573.81,17.977,6.2919,35
573.86,17.977,6.2919,35
573.91,17.977,6.2919,35
573.96,17.977,6.2919,35
574.01,17.977,6.2919,30
574.06,12.727,3.8181,30
574.11,12.727,3.8181,30
574.16,12.727,3.8181,30
574.21,12.727,3.8181,30
574.26,12.727,3.8181,30
574.31,12.727,3.8181,30
574.37,12.727,3.8181,30
574.42,12.727,3.8181,30
574.47,12.727,3.8181,30
574.52,12.727,3.8181,30
574.57,12.727,3.8181,30
574.62,12.727,3.8181,30
574.67,12.727,3.8181,30
574.72,12.727,3.8181,30
574.77,12.727,3.8181,30
574.82,12.727,3.8181,30
574.87,12.727,3.8181,30
574.92,12.727,3.8181,30
574.97,12.727,3.8181,30
575.02,12.727,3.8181,30
575.07,12.727,3.8181,30
575.12,12.727,3.8181,30
575.17,12.727,3.8181,30
575.22,12.727,3.8181,30
575.27,12.727,3.8181,30
575.32,12.727,3.8181,30
575.37,12.727,3.8181,30
575.42,12.727,3.8181,22
575.47,12.839,2.8246,22
575.53,12.839,2.8246,22
575.58,12.839,2.8246,22
575.63,12.839,2.8246,22
575.68,12.839,2.8246,22
575.73,12.839,2.8246,22
575.78,12.839,2.8246,22
575.83,12.839,2.8246,22
575.89,12.839,2.8246,22
575.93,12.839,2.8246,22
575.98,12.839,2.8246,22
576.03,12.839,2.8246,22
576.08,12.839,2.8246,22
576.13,12.839,2.8246,22
576.18,12.839,2.8246,22
576.23,12.839,2.8246,22
576.28,12.839,2.8246,22
576.33,12.839,2.8246,22
576.38,12.839,2.8246,22
576.43,12.839,2.8246,22
576.48,12.839,2.8246,22
576.53,12.839,2.8246,22
576.58,12.839,2.8246,22
576.63,12.839,2.8246,22
576.68,12.839,2.8246,22
576.73,12.839,2.8246,22
576.78,12.839,2.8246,22
576.83,12.839,2.8246,15
576.88,18.879,2.8318,15
576.93,18.879,2.8318,15
576.99,18.879,2.8318,15
577.04,18.879,2.8318,15
577.09,18.879,2.8318,15
577.14,18.879,2.8318,15
577.19,18.879,2.8318,15
577.24,18.879,2.8318,15
577.29,18.879,2.8318,15
577.34,18.879,2.8318,15
577.39,18.879,2.8318,15
577.44,18.879,2.8318,15
577.49,18.879,2.8318,15
577.54,18.879,2.8318,15
577.59,18.879,2.8318,15
577.64,18.879,2.8318,15
577.69,18.879,2.8318,15
577.74,18.879,2.8318,15
577.79,18.879,2.8318,15
577.84,18.879,2.8318,15
577.89,18.879,2.8318,15
577.94,18.879,2.8318,15
577.99,18.879,2.8318,15
578.04,18.879,2.8318,15
578.1,18.879,2.8318,15
578.15,18.879,2.8318,15
578.2,18.879,2.8318,15
578.25,18.879,2.8318,13
578.3,29.746,3.867,13
578.35,29.746,3.867,13
578.4,29.746,3.867,13
578.45,29.746,3.867,13
578.5,29.746,3.867,13
578.55,29.746,3.867,13
578.6,29.746,3.867,13
578.65,29.746,3.867,13
578.7,29.746,3.867,13
578.75,29.746,3.867,13
578.8,29.746,3.867,13
578.85,29.746,3.867,13
578.9,29.746,3.867,13
578.95,29.746,3.867,13
579,29.746,3.867,13
579.05,29.746,3.867,13
579.1,29.746,3.867,13
579.15,29.746,3.867,13
579.2,29.746,3.867,13
579.25,29.746,3.867,13
579.3,29.746,3.867,13
579.35,29.746,3.867,13
579.4,29.746,3.867,13
579.45,29.746,3.867,13
579.51,29.746,3.867,13
579.56,29.746,3.867,13
579.61,29.746,3.867,13
579.66,29.746,3.867,13
579.71,29.746,3.867,13
579.76,29.746,3.867,22
579.81,29.746,3.867,22
579.86,33.523,7.375,22
579.91,33.523,7.375,22
579.96,33.523,7.375,22
580.01,33.523,7.375,22
580.06,33.523,7.375,22
580.11,33.523,7.375,22
580.16,33.523,7.375,22
580.21,33.523,7.375,22
580.26,33.523,7.375,22
580.31,33.523,7.375,22
580.36,33.523,7.375,22
580.41,33.523,7.375,22
580.46,33.523,7.375,22
580.51,33.523,7.375,22
580.56,33.523,7.375,22
580.61,33.523,7.375,22
580.66,33.523,7.375,22
580.71,33.523,7.375,22
580.76,33.523,7.375,22
580.81,33.523,7.375,22
580.86,33.523,7.375,22
580.91,33.523,7.375,22
580.96,33.523,7.375,22
581.01,33.523,7.375,22
581.06,33.523,7.375,22
581.11,33.523,7.375,22
581.16,33.523,7.375,22
581.21,33.523,7.375,22
581.26,33.523,7.375,31
581.31,14.53,4.5043,31
581.36,14.53,4.5043,31
581.42,14.53,4.5043,31
581.47,14.53,4.5043,31
581.52,14.53,4.5043,31
581.57,14.53,4.5043,31
581.62,14.53,4.5043,31
581.67,14.53,4.5043,31
581.72,14.53,4.5043,31
581.77,14.53,4.5043,31
581.82,14.53,4.5043,31
581.87,14.53,4.5043,31
581.92,14.53,4.5043,31
581.97,14.53,4.5043,31
582.02,14.53,4.5043,31
582.07,14.53,4.5043,31
582.12,14.53,4.5043,31
582.17,14.53,4.5043,31
582.22,14.53,4.5043,31
582.27,14.53,4.5043,31
582.32,14.53,4.5043,31
582.37,14.53,4.5043,31
582.42,14.53,4.5043,31
582.47,14.53,4.5043,31
582.52,14.53,4.5043,31
582.57,14.53,4.5043,31
582.62,14.53,4.5043,31
582.67,14.53,4.5043,31
582.72,14.53,4.5043,31
582.77,14.53,4.5043,31
582.82,14.53,4.5043,24
582.87,14.53,4.5043,24
582.92,27.631,6.6316,24
582.97,27.631,6.6316,24
583.02,27.631,6.6316,24
583.07,27.631,6.6316,24
583.12,27.631,6.6316,24
583.17,27.631,6.6316,24
583.22,27.631,6.6316,24
583.28,27.631,6.6316,24
583.33,27.631,6.6316,24
583.38,27.631,6.6316,24
583.43,27.631,6.6316,24
583.48,27.631,6.6316,24
583.53,27.631,6.6316,24
583.58,27.631,6.6316,24
583.63,27.631,6.6316,24
583.68,27.631,6.6316,24
583.73,27.631,6.6316,24
583.78,27.631,6.6316,24
583.83,27.631,6.6316,24
583.88,27.631,6.6316,24
583.93,27.631,6.6316,24
583.98,27.631,6.6316,24
584.03,27.631,6.6316,24
584.08,27.631,6.6316,24
584.13,27.631,6.6316,24
584.18,27.631,6.6316,24
584.23,27.631,6.6316,24
584.28,27.631,6.6316,26
584.33,23.242,6.043,26
584.38,23.242,6.043,26
584.43,23.242,6.043,26
584.48,23.242,6.043,26
584.53,23.242,6.043,26
584.58,23.242,6.043,26
584.63,23.242,6.043,26
584.69,23.242,6.043,26
584.74,23.242,6.043,26
584.79,23.242,6.043,26
584.84,23.242,6.043,26
584.89,23.242,6.043,26
584.94,23.242,6.043,26
584.99,23.242,6.043,26
585.04,23.242,6.043,26
585.09,23.242,6.043,26
585.14,23.242,6.043,26
585.19,23.242,6.043,26
585.24,23.242,6.043,26
585.29,23.242,6.043,26
585.34,23.242,6.043,26
585.39,23.242,6.043,26
585.44,23.242,6.043,26
585.5,23.242,6.043,26
585.55,23.242,6.043,26
585.6,23.242,6.043,26
585.65,23.242,6.043,26
585.7,23.242,6.043,26
585.75,23.242,6.043,26
585.8,23.242,6.043,26
585.85,23.242,6.043,26
585.9,23.242,6.043,26
585.95,23.242,6.043,26
586,23.242,6.043,32
586.05,12.739,4.0764,32
586.1,12.739,4.0764,32
586.15,12.739,4.0764,32
586.2,12.739,4.0764,32
586.25,12.739,4.0764,32
586.3,12.739,4.0764,32
586.35,12.739,4.0764,32
586.4,12.739,4.0764,32
586.45,12.739,4.0764,32
586.5,12.739,4.0764,32
586.55,12.739,4.0764,32
586.6,12.739,4.0764,32
586.65,12.739,4.0764,32
586.7,12.739,4.0764,32
586.75,12.739,4.0764,32
586.8,12.739,4.0764,32
586.85,12.739,4.0764,32
586.9,12.739,4.0764,32
586.95,12.739,4.0764,32
587.01,12.739,4.0764,32
587.06,12.739,4.0764,32
587.11,12.739,4.0764,32
587.16,12.739,4.0764,32
587.21,12.739,4.0764,32
587.26,12.739,4.0764,32
587.31,12.739,4.0764,26
587.36,18.598,4.8356,26
587.41,18.598,4.8356,26
587.46,18.598,4.8356,26
587.51,18.598,4.8356,26
587.56,18.598,4.8356,26
587.61,18.598,4.8356,26
587.66,18.598,4.8356,26
587.71,18.598,4.8356,26
587.76,18.598,4.8356,26
587.81,18.598,4.8356,26
587.86,18.598,4.8356,26
587.91,18.598,4.8356,26
587.96,18.598,4.8356,26
588.02,18.598,4.8356,26
588.07,18.598,4.8356,26
588.12,18.598,4.8356,26
588.17,18.598,4.8356,26
588.22,18.598,4.8356,26
588.27,18.598,4.8356,26
588.32,18.598,4.8356,26
588.37,18.598,4.8356,26
588.42,18.598,4.8356,26
588.47,18.598,4.8356,26
588.6,18.598,4.8356,26
588.6,18.598,4.8356,26
588.62,18.598,4.8356,26
588.67,18.598,4.8356,26
588.72,18.598,4.8356,26
588.77,18.598,4.8356,26
588.82,18.089,5.4267,30
588.87,18.089,5.4267,30
588.92,18.089,5.4267,30
588.97,18.089,5.4267,30
589.02,18.089,5.4267,30
589.07,18.089,5.4267,30
589.12,18.089,5.4267,30
589.17,18.089,5.4267,30
589.22,18.089,5.4267,30
589.27,18.089,5.4267,30
589.32,18.089,5.4267,30
589.37,18.089,5.4267,30
589.42,18.089,5.4267,30
589.47,18.089,5.4267,30
589.52,18.089,5.4267,30
589.57,18.089,5.4267,30
589.62,18.089,5.4267,30
589.67,18.089,5.4267,30
589.72,18.089,5.4267,30
589.77,18.089,5.4267,30
589.82,18.089,5.4267,30
589.87,18.089,5.4267,30
589.92,18.089,5.4267,30
589.97,18.089,5.4267,30
590.02,18.089,5.4267,30
590.07,18.089,5.4267,30
590.12,18.089,5.4267,30
590.18,18.089,5.4267,30
590.23,18.089,5.4267,30
590.28,18.089,5.4267,30
590.33,18.089,5.4267,30
590.38,18.089,5.4267,28
590.43,15.723,4.4025,28
590.48,15.723,4.4025,28
590.53,15.723,4.4025,28
590.58,15.723,4.4025,28
590.63,15.723,4.4025,28
590.68,15.723,4.4025,28
590.73,15.723,4.4025,28
590.78,15.723,4.4025,28
590.83,15.723,4.4025,28
590.88,15.723,4.4025,28
590.93,15.723,4.4025,28
590.98,15.723,4.4025,28
591.03,15.723,4.4025,28
591.08,15.723,4.4025,28
591.13,15.723,4.4025,28
591.18,15.723,4.4025,28
591.23,15.723,4.4025,28
591.28,15.723,4.4025,28
591.33,15.723,4.4025,28
591.38,15.723,4.4025,28
591.43,15.723,4.4025,28
591.48,15.723,4.4025,28
591.53,15.723,4.4025,28
591.58,15.723,4.4025,28
591.63,15.723,4.4025,28
591.68,15.723,4.4025,28
591.74,15.723,4.4025,28
591.79,15.723,4.4025,28
591.84,15.723,4.4025,21
591.89,13.189,2.7697,21
591.94,13.189,2.7697,21
591.99,13.189,2.7697,21
592.04,13.189,2.7697,21
592.09,13.189,2.7697,21
592.14,13.189,2.7697,21
592.19,13.189,2.7697,21
592.24,13.189,2.7697,21
592.29,13.189,2.7697,21
592.34,13.189,2.7697,21
592.39,13.189,2.7697,21
592.44,13.189,2.7697,21
592.49,13.189,2.7697,21
592.54,13.189,2.7697,21
592.59,13.189,2.7697,21
592.65,13.189,2.7697,21
592.7,13.189,2.7697,21
592.75,13.189,2.7697,21
592.8,13.189,2.7697,21
592.85,13.189,2.7697,21
592.9,13.189,2.7697,21
592.95,13.189,2.7697,21
593,13.189,2.7697,21
593.05,13.189,2.7697,21
593.1,13.189,2.7697,21
593.15,13.189,2.7697,24
593.2,19.542,4.69,24
593.25,19.542,4.69,24
593.3,19.542,4.69,24
593.35,19.542,4.69,24
593.41,19.542,4.69,24
593.46,19.542,4.69,24
593.51,19.542,4.69,24
593.56,19.542,4.69,24
593.61,19.542,4.69,24
593.66,19.542,4.69,24
593.71,19.542,4.69,24
593.76,19.542,4.69,24
593.81,19.542,4.69,24
593.86,19.542,4.69,24
593.91,19.542,4.69,24
593.96,19.542,4.69,24
594.01,19.542,4.69,24
594.06,19.542,4.69,24
594.11,19.542,4.69,24
594.16,19.542,4.69,24
594.21,19.542,4.69,24
594.26,19.542,4.69,24
594.31,19.542,4.69,24
594.36,19.542,4.69,24
594.42,19.542,4.69,24
594.47,19.542,4.69,24
594.52,19.542,4.69,24
594.57,19.542,4.69,24
594.62,19.542,4.69,24
594.67,19.542,4.69,25
594.72,21.56,5.39,25
594.77,21.56,5.39,25
594.82,21.56,5.39,25
594.87,21.56,5.39,25
594.92,21.56,5.39,25
594.97,21.56,5.39,25
595.02,21.56,5.39,25
595.07,21.56,5.39,25
595.12,21.56,5.39,25
595.17,21.56,5.39,25
595.22,21.56,5.39,25
595.27,21.56,5.39,25
595.32,21.56,5.39,25
595.37,21.56,5.39,25
595.42,21.56,5.39,25
595.47,21.56,5.39,25
595.52,21.56,5.39,25
595.57,21.56,5.39,25
595.62,21.56,5.39,25
595.67,21.56,5.39,25
595.72,21.56,5.39,25
595.77,21.56,5.39,25
595.82,21.56,5.39,25
595.88,21.56,5.39,25
595.92,21.56,5.39,25
595.97,21.56,5.39,25
596.02,21.56,5.39,25
596.07,21.56,5.39,25
596.12,21.56,5.39,25
596.17,21.56,5.39,8
596.22,34.741,2.7793,8
596.27,34.741,2.7793,8
596.32,34.741,2.7793,8
596.37,34.741,2.7793,8
596.42,34.741,2.7793,8
596.48,34.741,2.7793,8
596.53,34.741,2.7793,8
596.58,34.741,2.7793,8
596.63,34.741,2.7793,8
596.68,34.741,2.7793,8
596.73,34.741,2.7793,8
596.78,34.741,2.7793,8
596.83,34.741,2.7793,8
596.88,34.741,2.7793,8
596.93,34.741,2.7793,8
596.98,34.741,2.7793,8
597.03,34.741,2.7793,8
597.08,34.741,2.7793,8
597.13,34.741,2.7793,8
597.18,34.741,2.7793,8
597.23,34.741,2.7793,8
597.28,34.741,2.7793,8
597.33,34.741,2.7793,8
597.38,34.741,2.7793,8
597.43,34.741,2.7793,8
597.48,34.741,2.7793,8
597.53,34.741,2.7793,8
597.58,34.741,2.7793,8
597.63,34.741,2.7793,8
597.68,34.741,2.7793,8
597.73,34.741,2.7793,8
597.78,34.741,2.7793,8
597.83,34.741,2.7793,8
597.88,34.741,2.7793,8
597.93,34.741,2.7793,8
597.98,34.741,2.7793,8
598.03,34.741,2.7793,8
598.08,34.741,2.7793,8
598.13,34.741,2.7793,0
598.18,0,2.7905,0
598.23,0,2.7905,0
598.28,0,2.7905,0
598.33,0,2.7905,0
598.39,0,2.7905,0
598.44,0,2.7905,0
598.49,0,2.7905,0
598.54,0,2.7905,0
598.59,0,2.7905,0
598.64,0,2.7905,0
598.69,0,2.7905,0
598.74,0,2.7905,0
598.79,0,2.7905,0
598.84,0,2.7905,0
598.89,0,2.7905,0
598.94,0,2.7905,0
598.99,0,2.7905,0
599.04,0,2.7905,0
599.09,0,2.7905,0
599.14,0,2.7905,0
599.19,0,2.7905,0
599.24,0,2.7905,0
599.29,0,2.7905,0
599.34,0,2.7905,0
599.39,0,2.7905,0
599.45,0,2.7905,0
599.5,0,2.7905,0
599.55,0,2.7905,0
599.6,0,2.0229,0
599.65,0,2.0229,0
599.7,0,2.0229,0
599.75,0,2.0229,0
599.8,0,2.0229,0
599.85,0,2.0229,0
599.9,0,2.0229,0
599.95,0,2.0229,0
600,0,2.0229,0
600.05,0,2.0229,0
600.1,0,2.0229,0
600.15,0,2.0229,0
600.2,0,2.0229,0
600.25,0,2.0229,0
600.3,0,2.0229,0
600.35,0,2.0229,0
600.4,0,2.0229,0
600.45,0,2.0229,0
600.51,0,2.0229,0
600.56,0,2.0229,0
600.61,0,2.0229,0
600.66,0,2.0229,0
600.71,0,2.0229,0
600.76,0,2.0229,0
600.81,0,2.0229,0
600.86,0,2.0229,0
600.91,0,2.0229,0
600.96,0,2.0229,0
601.01,0,2.0229,0
601.06,0,2.0229,0
601.11,0,2.0613,0
601.16,0,2.0613,0
601.21,0,2.0613,0
601.26,0,2.0613,0
601.31,0,2.0613,0
601.36,0,2.0613,0
601.41,0,2.0613,0
601.46,0,2.0613,0
601.51,0,2.0613,0
601.57,0,2.0613,0
601.62,0,2.0613,0
601.67,0,2.0613,0
601.72,0,2.0613,0
601.77,0,2.0613,0
601.82,0,2.0613,0
601.87,0,2.0613,0
601.92,0,2.0613,0
601.97,0,2.0613,0
602.02,0,2.0613,0
602.07,0,2.0613,0
602.12,0,2.0613,0
602.17,0,2.0613,0
602.22,0,2.0613,0
602.27,0,2.0613,0
602.32,0,2.0613,0
602.37,0,2.0613,0
602.42,0,2.0613,0
602.47,0,2.0613,0
602.52,0,2.0613,0
602.57,0,2.088,0
602.62,0,2.088,0
602.67,0,2.088,0
602.72,0,2.088,0
602.77,0,2.088,0
602.82,0,2.088,0
602.87,0,2.088,0
602.92,0,2.088,0
602.97,0,2.088,0
603.02,0,2.088,0
603.07,0,2.088,0
603.12,0,2.088,0
603.17,0,2.088,0
603.22,0,2.088,0
603.28,0,2.088,0
603.33,0,2.088,0
603.38,0,2.088,0
603.43,0,2.088,0
603.48,0,2.088,0
603.53,0,2.088,0
603.58,0,2.088,0
603.63,0,2.088,0
603.68,0,2.088,0
603.73,0,2.088,0
603.78,0,2.088,0
603.83,0,2.088,0
603.88,0,2.088,0
603.93,0,2.088,0
603.98,0,2.088,0
604.03,0,2.088,0
604.08,0,2.088,0
604.13,0,2.088,0
604.18,0,2.0397,0
604.23,0,2.0397,0
604.28,0,2.0397,0
604.33,0,2.0397,0
604.38,0,2.0397,0
604.43,0,2.0397,0
604.48,0,2.0397,0
604.53,0,2.0397,0
604.58,0,2.0397,0
604.63,0,2.0397,0
604.68,0,2.0397,0
604.73,0,2.0397,0
604.78,0,2.0397,0
604.83,0,2.0397,0
604.88,0,2.0397,0
604.93,0,2.0397,0
604.98,0,2.0397,0
605.03,0,2.0397,0
605.08,0,2.0397,0
605.13,0,2.0397,0
605.18,0,2.0397,0
605.23,0,2.0397,0
605.28,0,2.0397,0
605.34,0,2.0397,0
605.39,0,2.0397,0
605.44,0,2.0397,0
605.49,0,2.0397,0
605.54,0,2.0397,0
605.59,0,2.0397,0
605.64,0,2.0397,0
605.69,0,2.0397,0
605.74,0,2.0397,0
605.79,0,2.0397,0
605.84,0,2.0397,0
605.89,0,2.0397,0
605.94,0,2.0397,0
605.99,0,2.0397,0
606.04,0,2.0397,0
606.09,0,2.0397,0
606.14,0,2.0397,0
606.19,0,2.0397,0
606.24,0,2.0397,0
606.29,0,2.0397,0
606.34,0,2.0397,0
606.39,0,2.0397,0
606.44,0,2.0397,0
606.49,0,2.0397,0
606.54,0,2.0397,0
606.59,0,2.0397,0
606.64,0,2.0397,0
606.69,0,2.0397,0
606.74,0,2.0397,0
606.79,0,2.0397,0
606.84,0,2.0397,0
606.89,0,2.0397,0
606.94,0,2.0397,0
606.99,0,2.0397,0
607.04,0,2.0397,0
607.09,0,2.0397,0
607.14,0,2.0397,0
607.19,0,2.0397,0
607.24,0,1.998,0
607.29,0,1.998,0
607.34,0,1.998,0
607.39,0,1.998,0
607.44,0,1.998,0
607.49,0,1.998,0
607.54,0,1.998,0
607.59,0,1.998,0
607.64,0,1.998,0
607.69,0,1.998,0
607.74,0,1.998,0
607.79,0,1.998,0
607.84,0,1.998,0
607.89,0,1.998,0
607.94,0,1.998,0
607.99,0,1.998,0
608.04,0,1.998,0
608.09,0,1.998,0
608.14,0,1.998,0
608.19,0,1.998,0
608.24,0,1.998,0
608.29,0,1.998,0
608.34,0,1.998,0
608.39,0,1.998,0
608.44,0,1.998,0
608.49,0,1.998,0
608.54,0,1.998,0
608.59,0,2.0656,0
608.65,0,2.0656,0
608.7,0,2.0656,0
608.75,0,2.0656,0
608.8,0,2.0656,0
608.85,0,2.0656,0
608.9,0,2.0656,0
608.95,0,2.0656,0
609,0,2.0656,0
609.05,0,2.0656,0
609.1,0,2.0656,0
609.16,0,2.0656,0
609.21,0,2.0656,0
609.26,0,2.0656,0
609.31,0,2.0656,0
609.36,0,2.0656,0
609.41,0,2.0656,0
609.46,0,2.0656,0
609.51,0,2.0656,0
609.56,0,2.0656,0
609.61,0,2.0656,0
609.66,0,2.0656,0
609.71,0,2.0656,0
609.76,0,2.0656,0
609.81,0,2.0656,0
609.86,0,2.0656,0
609.91,0,2.0656,0
609.96,0,2.0656,0
610.01,0,1.989,0
610.06,0,1.989,0
610.11,0,1.989,0
610.16,0,1.989,0
610.21,0,1.989,0
610.26,0,1.989,0
610.31,0,1.989,0
610.36,0,1.989,0
610.41,0,1.989,0
610.46,0,1.989,0
610.51,0,1.989,0
610.56,0,1.989,0
610.61,0,1.989,0
610.66,0,1.989,0
610.71,0,1.989,0
610.76,0,1.989,0
610.81,0,1.989,0
610.86,0,1.989,0
610.91,0,1.989,0
610.96,0,1.989,0
611.01,0,1.989,0
611.06,0,1.989,0
611.11,0,1.989,0
611.16,0,1.989,0
611.21,0,1.989,0
611.26,0,1.989,0
611.31,0,1.989,0
611.36,0,1.989,0
611.41,0,1.989,0
